1 1
2 2
3 2
4 4
5 2
6 5
7 2
8 8
9 5
10 7
11 2
12 11
13 2
14 9
15 7
16 16
17 2
18 14
19 2
20 17
21 9
22 13
23 2
24 23
25 9
26 15
27 14
28 23
29 2
30 22
31 2
32 32
33 13
34 19
35 11
36 32
37 2
38 21
39 15
40 37
41 2
42 30
43 2
44 35
45 22
46 25
47 2
48 47
49 14
50 34
51 19
52 41
53 2
54 41
55 17
56 51
57 21
58 31
59 2
60 52
61 2
62 33
63 30
64 64
65 19
66 46
67 2
68 53
69 25
70 46
71 2
72 68
73 2
74 39
75 34
76 59
77 20
78 54
79 2
80 77
81 41
82 43
83 2
84 72
85 25
86 45
87 31
88 79
89 2
90 67
91 23
92 71
93 33
94 49
95 27
96 95
97 2
98 63
99 46
100 84
101 2
102 70
103 2
104 93
105 46
106 55
107 2
108 95
109 2
110 72
111 39
112 107
113 2
114 78
115 33
116 89
117 54
118 61
119 29
120 112
121 28
122 63
123 43
124 95
125 42
126 93
127 2
128 128
129 45
130 84
131 2
132 112
133 32
134 69
135 67
136 121
137 2
138 94
139 2
140 116
141 49
142 73
143 32
144 140
145 41
146 75
147 63
148 113
149 2
150 109
151 2
152 135
153 70
154 97
155 43
156 132
157 2
158 81
159 55
160 157
161 38
162 122
163 2
164 125
165 72
166 85
167 2
168 156
169 36
170 110
171 78
172 131
173 2
174 118
175 58
176 167
177 61
178 91
179 2
180 157
181 2
182 114
183 63
184 163
185 51
186 126
187 41
188 143
189 93
190 122
191 2
192 191
193 2
194 99
195 84
196 161
197 2
198 145
199 2
200 184
201 69
202 103
203 49
204 172
205 57
206 105
207 94
208 197
209 45
210 151
211 2
212 161
213 73
214 109
215 59
216 203
217 51
218 111
219 75
220 182
221 44
222 150
223 2
224 219
225 109
226 115
227 2
228 192
229 2
230 148
231 97
232 205
233 2
234 171
235 65
236 179
237 81
238 148
239 2
240 232
241 2
242 149
243 122
244 185
245 79
246 166
247 50
248 219
249 85
250 167
251 2
252 219
253 55
254 129
255 110
256 256
257 2
258 174
259 62
260 214
261 118
262 133
263 2
264 244
265 73
266 165
267 91
268 203
269 2
270 202
271 2
272 257
273 114
274 139
275 90
276 232
277 2
278 141
279 126
280 256
281 2
282 190
283 2
284 215
285 122
286 175
287 68
288 284
289 57
290 186
291 99
292 221
293 2
294 210
295 81
296 261
297 145
298 151
299 60
300 259
301 71
302 153
303 103
304 287
305 83
306 223
307 2
308 251
309 105
310 198
311 2
312 288
313 2
314 159
315 151
316 239
317 2
318 214
319 69
320 317
321 109
322 199
323 62
324 284
325 106
326 165
327 111
328 289
329 77
330 237
331 2
332 251
333 150
334 169
335 91
336 324
337 2
338 205
339 115
340 280
341 72
342 249
343 92
344 303
345 148
346 175
347 2
348 292
349 2
350 233
351 171
352 343
353 2
354 238
355 97
356 269
357 148
358 181
359 2
360 337
361 67
362 183
363 149
364 296
365 99
366 246
367 2
368 347
369 166
370 236
371 86
372 312
373 2
374 228
375 167
376 331
377 74
378 282
379 2
380 312
381 129
382 193
383 2
384 383
385 123
386 195
387 174
388 293
389 2
390 279
391 74
392 357
393 133
394 199
395 107
396 343
397 2
398 201
399 165
400 384
401 2
402 270
403 80
404 305
405 202
406 252
407 87
408 376
409 2
410 262
411 139
412 311
413 97
414 301
415 113
416 405
417 141
418 254
419 2
420 361
421 2
422 213
423 190
424 373
425 138
426 286
427 99
428 323
429 175
430 274
431 2
432 419
433 2
434 268
435 186
436 329
437 79
438 294
439 2
440 402
441 210
442 265
443 2
444 372
445 121
446 225
447 151
448 443
449 2
450 334
451 96
452 341
453 153
454 229
455 144
456 420
457 2
458 231
459 223
460 378
461 2
462 328
463 2
464 437
465 198
466 235
467 2
468 405
469 110
470 300
471 159
472 415
473 100
474 318
475 154
476 386
477 214
478 241
479 2
480 472
481 94
482 243
483 199
484 391
485 131
486 365
487 2
488 429
489 165
490 324
491 2
492 412
493 92
494 297
495 237
496 467
497 116
498 334
499 2
500 417
501 169
502 253
503 2
504 471
505 137
506 308
507 205
508 383
509 2
510 365
511 119
512 512
513 249
514 259
515 139
516 432
517 108
518 321
519 175
520 474
521 2
522 379
523 2
524 395
525 233
526 265
527 97
528 508
529 93
530 338
531 238
532 431
533 104
534 358
535 145
536 471
537 181
538 271
539 143
540 472
541 2
542 273
543 183
544 529
545 147
546 387
547 2
548 413
549 246
550 365
551 97
552 508
553 128
554 279
555 236
556 419
557 2
558 405
559 108
560 536
561 228
562 283
563 2
564 472
565 153
566 285
567 282
568 499
569 2
570 407
571 2
572 461
573 193
574 355
575 186
576 572
577 2
578 346
579 195
580 476
581 134
582 390
583 122
584 513
585 279
586 295
587 2
588 504
589 103
590 376
591 199
592 557
593 2
594 442
595 188
596 449
597 201
598 359
599 2
600 559
601 2
602 372
603 270
604 455
605 189
606 406
607 2
608 591
609 252
610 388
611 118
612 529
613 2
614 309
615 262
616 559
617 2
618 414
619 2
620 508
621 301
622 313
623 145
624 600
625 209
626 315
627 254
628 473
629 115
630 466
631 2
632 555
633 213
634 319
635 171
636 532
637 168
638 388
639 286
640 637
641 2
642 430
643 2
644 521
645 274
646 385
647 2
648 608
649 137
650 431
651 268
652 491
653 2
654 438
655 177
656 617
657 294
658 406
659 2
660 567
661 2
662 333
663 265
664 583
665 209
666 483
667 115
668 503
669 225
670 426
671 141
672 660
673 2
674 339
675 334
676 543
677 2
678 454
679 158
680 620
681 229
682 413
683 2
684 591
685 185
686 435
687 231
688 647
689 133
690 493
691 2
692 521
693 328
694 349
695 187
696 640
697 127
698 351
699 235
700 583
701 2
702 522
703 123
704 695
705 300
706 355
707 164
708 592
709 2
710 452
711 318
712 625
713 121
714 505
715 223
716 539
717 241
718 361
719 2
720 697
721 167
722 428
723 243
724 545
725 234
726 512
727 2
728 660
729 365
730 464
731 133
732 612
733 2
734 369
735 324
736 715
737 155
738 535
739 2
740 606
741 297
742 457
743 2
744 684
745 201
746 375
747 334
748 602
749 173
750 542
751 2
752 707
753 253
754 451
755 203
756 660
757 2
758 381
759 308
760 692
761 2
762 510
763 176
764 575
765 365
766 385
767 148
768 767
769 2
770 508
771 259
772 581
773 2
774 561
775 250
776 681
777 321
778 391
779 135
780 669
781 164
782 465
783 379
784 749
785 211
786 526
787 2
788 593
789 265
790 502
791 182
792 739
793 152
794 399
795 338
796 599
797 2
798 564
799 144
800 784
801 358
802 403
803 168
804 672
805 253
806 483
807 271
808 709
809 2
810 607
811 2
812 658
813 273
814 494
815 219
816 784
817 139
818 411
819 387
820 672
821 2
822 550
823 2
824 723
825 365
826 510
827 2
828 715
829 2
830 528
831 279
832 821
833 220
834 558
835 225
836 672
837 405
838 421
839 2
840 781
841 139
842 423
843 283
844 635
845 261
846 613
847 221
848 797
849 285
850 563
851 141
852 712
853 2
854 526
855 407
856 751
857 2
858 604
859 2
860 704
861 355
862 433
863 2
864 851
865 233
866 435
867 346
868 702
869 182
870 621
871 168
872 765
873 390
874 516
875 291
876 732
877 2
878 441
879 295
880 842
881 2
882 651
883 2
884 707
885 376
886 445
887 2
888 816
889 206
890 566
891 442
892 671
893 154
894 598
895 241
896 891
897 359
898 451
899 147
900 784
901 164
902 547
903 372
904 793
905 243
906 606
907 2
908 683
909 406
910 599
911 2
912 876
913 192
914 459
915 388
916 689
917 212
918 682
919 2
920 838
921 309
922 463
923 178
924 790
925 298
926 465
927 414
928 901
929 2
930 663
931 245
932 701
933 313
934 469
935 290
936 873
937 2
938 579
939 315
940 770
941 2
942 630
943 156
944 887
945 466
946 573
947 2
948 792
949 183
950 629
951 319
952 862
953 2
954 691
955 257
956 719
957 388
958 481
959 221
960 952
961 154
962 575
963 430
964 725
965 259
966 682
967 2
968 875
969 385
970 616
971 2
972 851
973 224
974 489
975 431
976 917
977 2
978 654
979 205
980 814
981 438
982 493
983 2
984 904
985 265
986 585
987 406
988 791
989 163
990 732
991 2
992 963
993 333
994 613
995 267
996 832
997 2
998 501
999 483
1000 917
1001 260
1002 670
1003 181
1004 755
1005 426
1006 505
1007 172
1008 975
1009 2
1010 642
1011 339
1012 814
1013 2
1014 712
1015 320
1016 891
1017 454
1018 511
1019 2
1020 875
1021 2
1022 630
1023 413
1024 1024
1025 330
1026 762
1027 198
1028 773
1029 435
1030 654
1031 2
1032 948
1033 2
1034 625
1035 493
1036 839
1037 188
1038 694
1039 2
1040 994
1041 349
1042 523
1043 241
1044 901
1045 324
1046 525
1047 351
1048 919
1049 2
1050 758
1051 2
1052 791
1053 522
1054 624
1055 283
1056 1036
1057 243
1058 622
1059 355
1060 868
1061 2
1062 769
1063 2
1064 963
1065 452
1066 637
1067 224
1068 892
1069 2
1070 680
1071 505
1072 1007
1073 174
1074 718
1075 346
1076 809
1077 361
1078 682
1079 208
1080 1012
1081 178
1082 543
1083 428
1084 815
1085 340
1086 726
1087 2
1088 1073
1089 512
1090 692
1091 2
1092 933
1093 2
1094 549
1095 464
1096 961
1097 2
1098 795
1099 254
1100 915
1101 369
1102 648
1103 2
1104 1060
1105 339
1106 681
1107 535
1108 833
1109 2
1110 791
1111 234
1112 975
1113 457
1114 559
1115 299
1116 963
1117 2
1118 667
1119 375
1120 1096
1121 193
1122 789
1123 2
1124 845
1125 542
1126 565
1127 296
1128 1036
1129 2
1130 718
1131 451
1132 851
1133 238
1134 849
1135 305
1136 1067
1137 381
1138 571
1139 206
1140 977
1141 263
1142 573
1143 510
1144 1033
1145 307
1146 766
1147 181
1148 929
1149 385
1150 761
1151 2
1152 1148
1153 2
1154 579
1155 508
1156 924
1157 223
1158 774
1159 198
1160 1056
1161 561
1162 715
1163 2
1164 972
1165 313
1166 705
1167 391
1168 1097
1169 269
1170 864
1171 2
1172 881
1173 465
1174 589
1175 378
1176 1092
1177 246
1178 692
1179 526
1180 966
1181 2
1182 790
1183 306
1184 1149
1185 502
1186 595
1187 2
1188 1036
1189 190
1190 783
1191 399
1192 1045
1193 2
1194 798
1195 321
1196 957
1197 564
1198 601
1199 250
1200 1159
1201 2
1202 603
1203 403
1204 974
1205 323
1206 873
1207 217
1208 1059
1209 483
1210 794
1211 278
1212 1012
1213 2
1214 609
1215 607
1216 1199
1217 2
1218 861
1219 199
1220 998
1221 494
1222 729
1223 2
1224 1141
1225 406
1226 615
1227 411
1228 923
1229 2
1230 877
1231 2
1232 1175
1233 550
1234 619
1235 379
1236 1032
1237 2
1238 621
1239 510
1240 1128
1241 224
1242 922
1243 260
1244 935
1245 528
1246 768
1247 198
1248 1224
1249 2
1250 834
1251 558
1252 941
1253 289
1254 881
1255 337
1256 1101
1257 421
1258 744
1259 2
1260 1096
1261 243
1262 633
1263 423
1264 1187
1265 392
1266 846
1267 291
1268 953
1269 613
1270 806
1271 197
1272 1168
1273 216
1274 805
1275 563
1276 1026
1277 2
1278 925
1279 2
1280 1277
1281 526
1282 643
1283 2
1284 1072
1285 345
1286 645
1287 604
1288 1165
1289 2
1290 919
1291 2
1292 1031
1293 433
1294 649
1295 407
1296 1256
1297 2
1298 786
1299 435
1300 1081
1301 2
1302 919
1303 2
1304 1143
1305 621
1306 655
1307 2
1308 1092
1309 341
1310 832
1311 516
1312 1273
1313 254
1314 951
1315 353
1316 1064
1317 441
1318 661
1319 2
1320 1227
1321 2
1322 663
1323 651
1324 995
1325 426
1326 928
1327 2
1328 1247
1329 445
1330 874
1331 305
1332 1149
1333 209
1334 782
1335 566
1336 1171
1337 308
1338 894
1339 258
1340 1096
1341 598
1342 812
1343 242
1344 1332
1345 361
1346 675
1347 451
1348 1013
1349 229
1350 1009
1351 311
1352 1219
1353 547
1354 679
1355 363
1356 1132
1357 220
1358 837
1359 606
1360 1300
1361 2
1362 910
1363 215
1364 1095
1365 599
1366 685
1367 2
1368 1275
1369 210
1370 870
1371 459
1372 1121
1373 2
1374 918
1375 457
1376 1335
1377 682
1378 822
1379 317
1380 1183
1381 2
1382 693
1383 463
1384 1213
1385 371
1386 1021
1387 236
1388 1043
1389 465
1390 882
1391 268
1392 1336
1393 320
1394 824
1395 663
1396 1049
1397 292
1398 934
1399 2
1400 1283
1401 469
1402 703
1403 227
1404 1224
1405 377
1406 826
1407 579
1408 1399
1409 2
1410 1005
1411 254
1412 1061
1413 630
1414 871
1415 379
1416 1300
1417 272
1418 711
1419 573
1420 1162
1421 373
1422 1029
1423 2
1424 1337
1425 629
1426 834
1427 2
1428 1219
1429 2
1430 938
1431 691
1432 1255
1433 2
1434 958
1435 451
1436 1079
1437 481
1438 721
1439 2
1440 1417
1441 302
1442 888
1443 575
1444 1150
1445 442
1446 966
1447 2
1448 1269
1449 682
1450 959
1451 2
1452 1238
1453 2
1454 729
1455 616
1456 1388
1457 224
1458 1094
1459 2
1460 1194
1461 489
1462 864
1463 380
1464 1344
1465 393
1466 735
1467 654
1468 1103
1469 282
1470 1059
1471 2
1472 1451
1473 493
1474 892
1475 474
1476 1273
1477 339
1478 741
1479 585
1480 1346
1481 2
1482 1038
1483 2
1484 1199
1485 732
1486 745
1487 2
1488 1428
1489 2
1490 946
1491 613
1492 1121
1493 2
1494 1081
1495 459
1496 1350
1497 501
1498 922
1499 2
1500 1292
1501 256
1502 753
1503 670
1504 1459
1505 472
1506 1006
1507 316
1508 1205
1509 505
1510 958
1511 2
1512 1416
1513 273
1514 759
1515 642
1516 1139
1517 231
1518 1067
1519 399
1520 1452
1521 712
1522 763
1523 2
1524 1272
1525 490
1526 939
1527 511
1528 1339
1529 320
1530 1130
1531 2
1532 1151
1533 630
1534 915
1535 411
1536 1535
1537 242
1538 771
1539 762
1540 1278
1541 250
1542 1030
1543 2
1544 1353
1545 654
1546 775
1547 398
1548 1335
1549 2
1550 1025
1551 625
1552 1457
1553 2
1554 1098
1555 417
1556 1169
1557 694
1558 914
1559 2
1560 1449
1561 359
1562 945
1563 523
1564 1247
1565 419
1566 1162
1567 2
1568 1533
1569 525
1570 996
1571 2
1572 1312
1573 359
1574 789
1575 758
1576 1381
1577 268
1578 1054
1579 2
1580 1292
1581 624
1582 973
1583 2
1584 1531
1585 425
1586 945
1587 622
1588 1193
1589 365
1590 1133
1591 241
1592 1395
1593 769
1594 799
1595 494
1596 1362
1597 2
1598 943
1599 637
1600 1584
1601 2
1602 1159
1603 368
1604 1205
1605 680
1606 971
1607 2
1608 1476
1609 2
1610 1058
1611 718
1612 1289
1613 2
1614 1078
1615 493
1616 1517
1617 682
1618 811
1619 2
1620 1417
1621 2
1622 813
1623 543
1624 1470
1625 539
1626 1086
1627 2
1628 1308
1629 726
1630 1034
1631 374
1632 1600
1633 267
1634 956
1635 692
1636 1229
1637 2
1638 1206
1639 343
1640 1492
1641 549
1642 823
1643 254
1644 1372
1645 516
1646 825
1647 795
1648 1547
1649 299
1650 1190
1651 319
1652 1336
1653 648
1654 829
1655 443
1656 1543
1657 2
1658 831
1659 681
1660 1358
1661 347
1662 1110
1663 2
1664 1653
1665 791
1666 1053
1667 2
1668 1392
1669 2
1670 1060
1671 559
1672 1508
1673 385
1674 1242
1675 538
1676 1259
1677 667
1678 841
1679 273
1680 1621
1681 253
1682 980
1683 789
1684 1265
1685 451
1686 1126
1687 387
1688 1479
1689 565
1690 1106
1691 288
1692 1459
1693 2
1694 1068
1695 718
1696 1645
1697 2
1698 1134
1699 2
1700 1413
1701 849
1702 992
1703 329
1704 1564
1705 527
1706 855
1707 571
1708 1380
1709 2
1710 1262
1711 270
1712 1607
1713 573
1714 859
1715 549
1716 1462
1717 311
1718 861
1719 766
1720 1564
1721 2
1722 1216
1723 2
1724 1295
1725 761
1726 865
1727 362
1728 1715
1729 446
1730 1098
1731 579
1732 1301
1733 2
1734 1213
1735 465
1736 1570
1737 774
1738 1051
1739 262
1740 1491
1741 2
1742 1039
1743 715
1744 1637
1745 467
1746 1263
1747 2
1748 1390
1749 705
1750 1166
1751 317
1752 1608
1753 2
1754 879
1755 864
1756 1319
1757 404
1758 1174
1759 2
1760 1722
1761 589
1762 883
1763 264
1764 1533
1765 473
1766 885
1767 692
1768 1591
1769 279
1770 1261
1771 460
1772 1331
1773 790
1774 889
1775 570
1776 1704
1777 2
1778 1095
1779 595
1780 1456
1781 344
1782 1333
1783 2
1784 1563
1785 783
1786 1047
1787 2
1788 1492
1789 2
1790 1136
1791 798
1792 1787
1793 376
1794 1256
1795 481
1796 1349
1797 601
1798 1046
1799 413
1800 1684
1801 2
1802 1065
1803 603
1804 1449
1805 548
1806 1275
1807 348
1808 1697
1809 873
1810 1148
1811 2
1812 1512
1813 476
1814 909
1815 794
1816 1591
1817 295
1818 1315
1819 328
1820 1509
1821 609
1822 913
1823 2
1824 1788
1825 586
1826 1105
1827 861
1828 1373
1829 279
1830 1303
1831 2
1832 1605
1833 729
1834 1129
1835 491
1836 1600
1837 384
1838 921
1839 615
1840 1758
1841 422
1842 1230
1843 313
1844 1385
1845 877
1846 1101
1847 2
1848 1714
1849 272
1850 1223
1851 619
1852 1391
1853 334
1854 1341
1855 581
1856 1829
1857 621
1858 931
1859 422
1860 1593
1861 2
1862 1176
1863 922
1864 1633
1865 499
1866 1246
1867 2
1868 1403
1869 768
1870 1225
1871 2
1872 1809
1873 2
1874 939
1875 834
1876 1517
1877 2
1878 1254
1879 2
1880 1710
1881 881
1882 943
1883 433
1884 1572
1885 577
1886 1099
1887 744
1888 1831
1889 2
1890 1411
1891 289
1892 1519
1893 633
1894 949
1895 507
1896 1740
1897 435
1898 1132
1899 846
1900 1579
1901 2
1902 1270
1903 397
1904 1814
1905 806
1906 955
1907 2
1908 1645
1909 310
1910 1212
1911 805
1912 1675
1913 2
1914 1345
1915 513
1916 1439
1917 925
1918 1180
1919 327
1920 1912
1921 347
1922 1115
1923 643
1924 1537
1925 636
1926 1393
1927 284
1928 1689
1929 645
1930 1224
1931 2
1932 1648
1933 2
1934 969
1935 919
1936 1843
1937 375
1938 1354
1939 446
1940 1586
1941 649
1942 973
1943 304
1944 1823
1945 521
1946 1197
1947 786
1948 1463
1949 2
1950 1406
1951 2
1952 1893
1953 919
1954 979
1955 595
1956 1632
1957 333
1958 1184
1959 655
1960 1794
1961 292
1962 1419
1963 380
1964 1475
1965 832
1966 985
1967 452
1968 1888
1969 412
1970 1250
1971 951
1972 1571
1973 2
1974 1393
1975 634
1976 1779
1977 661
1978 1152
1979 2
1980 1722
1981 455
1982 993
1983 663
1984 1955
1985 531
1986 1326
1987 2
1988 1607
1989 928
1990 1262
1991 415
1992 1828
1993 2
1994 999
1995 874
1996 1499
1997 2
1998 1482
1999 2
2000 1917
2001 782
2002 1261
2003 2
2004 1672
2005 537
2006 1184
2007 894
2008 1759
2009 527
2010 1431
2011 2
2012 1511
2013 812
2014 1179
2015 617
2016 1983
2017 2
2018 1011
2019 675
2020 1652
2021 295
2022 1350
2023 519
2024 1826
2025 1009
2026 1015
2027 2
2028 1726
2029 2
2030 1335
2031 679
2032 1907
2033 346
2034 1471
2035 630
2036 1529
2037 837
2038 1021
2039 2
2040 1895
2041 394
2042 1023
2043 910
2044 1652
2045 547
2046 1436
2047 331
2048 2048
2049 685
2050 1355
2051 470
2052 1788
2053 2
2054 1225
2055 870
2056 1801
2057 468
2058 1464
2059 321
2060 1684
2061 918
2062 1033
2063 2
2064 1980
2065 648
2066 1035
2067 822
2068 1659
2069 2
2070 1528
2071 352
2072 1875
2073 693
2074 1225
2075 666
2076 1732
2077 314
2078 1041
2079 1021
2080 2034
2081 2
2082 1390
2083 2
2084 1565
2085 882
2086 1284
2087 2
2088 1945
2089 2
2090 1369
2091 824
2092 1571
2093 539
2094 1398
2095 561
2096 1967
2097 934
2098 1051
2099 2
2100 1808
2101 439
2102 1053
2103 703
2104 1843
2105 563
2106 1575
2107 552
2108 1678
2109 826
2110 1338
2111 2
2112 2092
2113 2
2114 1300
2115 1005
2116 1680
2117 331
2118 1414
2119 409
2120 1928
2121 871
2122 1063
2123 443
2124 1831
2125 705
2126 1065
2127 711
2128 2027
2129 2
2130 1517
2131 2
2132 1703
2133 1029
2134 1291
2135 668
2136 1960
2137 2
2138 1071
2139 834
2140 1750
2141 2
2142 1576
2143 2
2144 2079
2145 938
2146 1247
2147 366
2148 1792
2149 494
2150 1421
2151 958
2152 1885
2153 2
2154 1438
2155 577
2156 1760
2157 721
2158 1287
2159 391
2160 2092
2161 2
2162 1259
2163 888
2164 1625
2165 579
2166 1511
2167 452
2168 1899
2169 966
2170 1425
2171 418
2172 1812
2173 318
2174 1089
2175 959
2176 2161
2177 500
2178 1601
2179 2
2180 1782
2181 729
2182 1093
2183 324
2184 2025
2185 662
2186 1095
2187 1094
2188 1643
2189 456
2190 1559
2191 503
2192 2057
2193 864
2194 1099
2195 587
2196 1893
2197 455
2198 1353
2199 735
2200 2015
2201 331
2202 1470
2203 2
2204 1750
2205 1059
2206 1105
2207 2
2208 2164
2209 317
2210 1444
2211 892
2212 1787
2213 2
2214 1642
2215 593
2216 1941
2217 741
2218 1111
2219 509
2220 1901
2221 2
2222 1345
2223 1038
2224 2087
2225 714
2226 1570
2227 401
2228 1673
2229 745
2230 1414
2231 360
2232 2079
2233 579
2234 1119
2235 946
2236 1785
2237 2
2238 1494
2239 2
2240 2216
2241 1081
2242 1314
2243 2
2244 1911
2245 601
2246 1125
2247 922
2248 1969
2249 432
2250 1667
2251 2
2252 1691
2253 753
2254 1423
2255 697
2256 2164
2257 333
2258 1131
2259 1006
2260 1848
2261 578
2262 1582
2263 341
2264 1983
2265 958
2266 1371
2267 2
2268 1983
2269 2
2270 1440
2271 759
2272 2203
2273 2
2274 1518
2275 751
2276 1709
2277 1067
2278 1345
2279 328
2280 2117
2281 2
2282 1404
2283 763
2284 1715
2285 611
2286 1653
2287 2
2288 2177
2289 939
2290 1452
2291 359
2292 1912
2293 2
2294 1328
2295 1130
2296 2077
2297 2
2298 1534
2299 524
2300 1911
2301 915
2302 1153
2303 604
2304 2300
2305 617
2306 1155
2307 771
2308 1733
2309 2
2310 1663
2311 2
2312 2080
2313 1030
2314 1380
2315 619
2316 1932
2317 531
2318 1357
2319 775
2320 2216
2321 483
2322 1722
2323 377
2324 1877
2325 1025
2326 1165
2327 447
2328 2136
2329 420
2330 1478
2331 1098
2332 1871
2333 2
2334 1558
2335 625
2336 2265
2337 914
2338 1438
2339 2
2340 2034
2341 2
2342 1173
2343 945
2344 2053
2345 735
2346 1638
2347 2
2348 1763
2349 1162
2350 1553
2351 2
2352 2268
2353 453
2354 1423
2355 996
2356 1870
2357 2
2358 1705
2359 542
2360 2146
2361 789
2362 1183
2363 426
2364 1972
2365 731
2366 1489
2367 1054
2368 2333
2369 383
2370 1687
2371 2
2372 1781
2373 973
2374 1189
2375 787
2376 2224
2377 2
2378 1379
2379 945
2380 1973
2381 2
2382 1590
2383 2
2384 2237
2385 1133
2386 1195
2387 618
2388 1992
2389 2
2390 1516
2391 799
2392 2153
2393 2
2394 1761
2395 641
2396 1799
2397 943
2398 1449
2399 2
2400 2359
2401 641
2402 1203
2403 1159
2404 1805
2405 735
2406 1606
2407 376
2408 2178
2409 971
2410 1528
2411 2
2412 2079
2413 412
2414 1424
2415 1058
2416 2267
2417 2
2418 1692
2419 353
2420 2004
2421 1078
2422 1489
2423 2
2424 2224
2425 778
2426 1215
2427 811
2428 1823
2429 557
2430 1822
2431 550
2432 2415
2433 813
2434 1219
2435 651
2436 2079
2437 2
2438 1418
2439 1086
2440 2218
2441 2
2442 1715
2443 560
2444 1951
2445 1034
2446 1225
2447 2
2448 2365
2449 371
2450 1631
2451 956
2452 1841
2453 512
2454 1638
2455 657
2456 2151
2457 1206
2458 1231
2459 2
2460 2107
2461 400
2462 1233
2463 823
2464 2407
2465 749
2466 1783
2467 2
2468 1853
2469 825
2470 1614
2471 566
2472 2268
2473 2
2474 1239
2475 1190
2476 1859
2477 2
2478 1749
2479 367
2480 2368
2481 829
2482 1465
2483 479
2484 2164
2485 779
2486 1503
2487 831
2488 2179
2489 425
2490 1773
2491 355
2492 2014
2493 1110
2494 1445
2495 667
2496 2472
2497 521
2498 1251
2499 1053
2500 2084
2501 362
2502 1809
2503 2
2504 2193
2505 1060
2506 1542
2507 407
2508 2135
2509 484
2510 1592
2511 1242
2512 2357
2513 577
2514 1678
2515 673
2516 2002
2517 841
2518 1261
2519 525
2520 2356
2521 2
2522 1504
2523 980
2524 1895
2525 810
2526 1686
2527 644
2528 2451
2529 1126
2530 1657
2531 2
2532 2112
2533 457
2534 1558
2535 1106
2536 2221
2537 361
2538 1882
2539 2
2540 2076
2541 1068
2542 1468
2543 2
2544 2440
2545 681
2546 1489
2547 1134
2548 2079
2549 2
2550 1838
2551 2
2552 2302
2553 992
2554 1279
2555 800
2556 2203
2557 2
2558 1281
2559 855
2560 2557
2561 493
2562 1807
2563 535
2564 1925
2565 1262
2566 1285
2567 463
2568 2356
2569 590
2570 1630
2571 859
2572 1931
2573 387
2574 1891
2575 826
2576 2453
2577 861
2578 1291
2579 2
2580 2209
2581 402
2582 1293
2583 1216
2584 2323
2585 797
2586 1726
2587 497
2588 1943
2589 865
2590 1702
2591 2
2592 2552
2593 2
2594 1299
2595 1098
2596 2084
2597 680
2598 1734
2599 420
2600 2381
2601 1213
2602 1303
2603 443
2604 2221
2605 697
2606 1305
2607 1051
2608 2447
2609 2
2610 1926
2611 599
2612 1961
2613 1039
2614 1309
2615 699
2616 2400
2617 2
2618 1650
2619 1263
2620 2142
2621 2
2622 1827
2623 372
2624 2585
2625 1166
2626 1567
2627 385
2628 2265
2629 549
2630 1668
2631 879
2632 2380
2633 2
2634 1758
2635 800
2636 1979
2637 1174
2638 1321
2639 677
2640 2547
2641 449
2642 1323
2643 883
2644 1985
2645 798
2646 1974
2647 2
2648 2319
2649 885
2650 1751
2651 552
2652 2254
2653 608
2654 1329
2655 1261
2656 2575
2657 2
2658 1774
2659 2
2660 2204
2661 889
2662 1636
2663 2
2664 2481
2665 815
2666 1542
2667 1095
2668 2116
2669 481
2670 1901
2671 2
2672 2507
2673 1333
2674 1645
2675 858
2676 2232
2677 2
2678 1597
2679 1047
2680 2436
2681 614
2682 1939
2683 2
2684 2154
2685 1136
2686 1585
2687 2
2688 2676
2689 2
2690 1706
2691 1256
2692 2021
2693 2
2694 1798
2695 862
2696 2361
2697 1046
2698 1578
2699 2
2700 2359
2701 397
2702 1662
2703 1065
2704 2571
2705 723
2706 1900
2707 2
2708 2033
2709 1275
2710 1718
2711 2
2712 2488
2713 2
2714 1577
2715 1148
2716 2195
2717 615
2718 1965
2719 2
2720 2660
2721 909
2722 1363
2723 625
2724 2272
2725 874
2726 1578
2727 1315
2728 2459
2729 2
2730 1964
2731 2
2732 2051
2733 913
2734 1369
2735 731
2736 2643
2737 699
2738 1579
2739 1105
2740 2240
2741 2
2742 1830
2743 528
2744 2493
2745 1303
2746 1375
2747 397
2748 2292
2749 2
2750 1832
2751 1129
2752 2711
2753 2
2754 2059
2755 832
2756 2200
2757 921
2758 1696
2759 418
2760 2563
2761 576
2762 1383
2763 1230
2764 2075
2765 865
2766 1846
2767 2
2768 2597
2769 1101
2770 1756
2771 501
2772 2407
2773 391
2774 1623
2775 1223
2776 2431
2777 2
2778 1854
2779 638
2780 2272
2781 1341
2782 1659
2783 633
2784 2728
2785 745
2786 1713
2787 931
2788 2218
2789 2
2790 2058
2791 2
2792 2445
2793 1176
2794 1689
2795 853
2796 2332
2797 2
2798 1401
2799 1246
2800 2683
2801 2
2802 1870
2803 2
2804 2105
2805 1225
2806 1630
2807 644
2808 2628
2809 396
2810 1782
2811 939
2812 2232
2813 442
2814 1986
2815 753
2816 2807
2817 1254
2818 1411
2819 2
2820 2415
2821 725
2822 1665
2823 943
2824 2473
2825 906
2826 2043
2827 588
2828 2285
2829 1099
2830 1794
2831 483
2832 2716
2833 2
2834 1689
2835 1411
2836 2129
2837 2
2838 1992
2839 514
2840 2582
2841 949
2842 1794
2843 2
2844 2451
2845 761
2846 1425
2847 1132
2848 2761
2849 738
2850 2054
2851 2
2852 2260
2853 1270
2854 1429
2855 763
2856 2647
2857 2
2858 1431
2859 955
2860 2368
2861 2
2862 2122
2863 656
2864 2687
2865 1212
2866 1435
2867 405
2868 2392
2869 490
2870 1886
2871 1345
2872 2515
2873 596
2874 1918
2875 953
2876 2159
2877 1180
2878 1441
2879 2
2880 2857
2881 411
2882 1743
2883 1115
2884 2330
2885 771
2886 2018
2887 2
2888 2594
2889 1393
2890 1887
2891 757
2892 2412
2893 602
2894 1449
2895 1224
2896 2717
2897 2
2898 2131
2899 558
2900 2409
2901 969
2902 1453
2903 2
2904 2690
2905 909
2906 1455
2907 1354
2908 2183
2909 2
2910 2071
2911 422
2912 2844
2913 973
2914 1681
2915 899
2916 2552
2917 2
2918 1461
2919 1197
2920 2654
2921 475
2922 1950
2923 432
2924 2326
2925 1406
2926 1843
2927 2
2928 2808
2929 460
2930 1858
2931 979
2932 2201
2933 673
2934 2121
2935 785
2936 2571
2937 1184
2938 1751
2939 2
2940 2529
2941 533
2942 1473
2943 1419
2944 2923
2945 888
2946 1966
2947 675
2948 2366
2949 985
2950 1949
2951 568
2952 2749
2953 2
2954 1816
2955 1250
2956 2219
2957 2
2958 2064
2959 617
2960 2826
2961 1393
2962 1483
2963 2
2964 2520
2965 793
2966 1485
2967 1152
2968 2683
2969 2
2970 2217
2971 2
2972 2231
2973 993
2974 1489
2975 981
2976 2916
2977 573
2978 1491
2979 1326
2980 2436
2981 621
2982 2104
2983 508
2984 2613
2985 1262
2986 1495
2987 466
2988 2575
2989 783
2990 1954
2991 999
2992 2846
2993 430
2994 1998
2995 801
2996 2420
2997 1482
2998 1501
2999 2
3000 2792
3001 2
3002 1757
3003 1261
3004 2255
3005 803
3006 2173
3007 454
3008 2963
3009 1184
3010 1977
3011 2
3012 2512
3013 490
3014 1823
3015 1431
3016 2713
3017 692
3018 2014
3019 2
3020 2468
3021 1179
3022 1513
3023 2
3024 2928
3025 996
3026 1786
3027 1011
3028 2273
3029 583
3030 2157
3031 695
3032 2655
3033 1350
3034 1748
3035 811
3036 2585
3037 2
3038 1918
3039 1015
3040 2972
3041 2
3042 2233
3043 550
3044 2285
3045 1335
3046 1525
3047 635
3048 2796
3049 2
3050 2015
3051 1471
3052 2465
3053 431
3054 2038
3055 933
3056 2867
3057 1021
3058 1849
3059 778
3060 2660
3061 2
3062 1533
3063 1023
3064 2683
3065 819
3066 2163
3067 2
3068 2449
3069 1436
3070 1946
3071 451
3072 3071
3073 704
3074 1779
3075 1355
3076 2309
3077 555
3078 2301
3079 2
3080 2818
3081 1225
3082 1791
3083 2
3084 2572
3085 825
3086 1545
3087 1464
3088 2897
3089 2
3090 2199
3091 644
3092 2321
3093 1033
3094 1945
3095 827
3096 2883
3097 527
3098 1551
3099 1035
3100 2575
3101 710
3102 2176
3103 483
3104 3009
3105 1528
3106 1555
3107 597
3108 2652
3109 2
3110 1972
3111 1225
3112 2725
3113 648
3114 2251
3115 976
3116 2472
3117 1041
3118 1561
3119 2
3120 3009
3121 2
3122 1920
3123 1390
3124 2507
3125 1042
3126 2086
3127 432
3128 2811
3129 1284
3130 1984
3131 471
3132 2728
3133 602
3134 1569
3135 1369
3136 3101
3137 2
3138 2094
3139 441
3140 2566
3141 1398
3142 1573
3143 721
3144 2884
3145 954
3146 1932
3147 1051
3148 2363
3149 436
3150 2333
3151 511
3152 2957
3153 1053
3154 1845
3155 843
3156 2632
3157 817
3158 1581
3159 1575
3160 2872
3161 491
3162 2205
3163 2
3164 2555
3165 1338
3166 1585
3167 2
3168 3115
3169 2
3170 2010
3171 1300
3172 2531
3173 541
3174 2209
3175 1018
3176 2781
3177 1414
3178 1954
3179 717
3180 2723
3181 2
3182 1832
3183 1063
3184 2987
3185 1017
3186 2362
3187 2
3188 2393
3189 1065
3190 2089
3191 2
3192 2958
3193 480
3194 1599
3195 1517
3196 2541
3197 519
3198 2236
3199 734
3200 3184
3201 1291
3202 1603
3203 2
3204 2761
3205 857
3206 1971
3207 1071
3208 2809
3209 2
3210 2285
3211 666
3212 2577
3213 1576
3214 1609
3215 859
3216 3084
3217 2
3218 1611
3219 1247
3220 2668
3221 2
3222 2329
3223 672
3224 2901
3225 1421
3226 1615
3227 740
3228 2692
3229 2
3230 2108
3231 1438
3232 3133
3233 444
3234 2299
3235 865
3236 2429
3237 1287
3238 1621
3239 463
3240 3037
3241 743
3242 1623
3243 1259
3244 2435
3245 1002
3246 2166
3247 586
3248 3094
3249 1511
3250 2164
3251 2
3252 2712
3253 2
3254 1629
3255 1425
3256 2936
3257 2
3258 2355
3259 2
3260 2664
3261 1089
3262 2005
3263 628
3264 3232
3265 873
3266 1900
3267 1601
3268 2590
3269 749
3270 2327
3271 2
3272 2865
3273 1093
3274 1639
3275 1050
3276 2844
3277 510
3278 1982
3279 1095
3280 3132
3281 592
3282 2190
3283 860
3284 2465
3285 1559
3286 1897
3287 559
3288 3016
3289 743
3290 2161
3291 1099
3292 2471
3293 479
3294 2442
3295 881
3296 3195
3297 1353
3298 1948
3299 2
3300 2840
3301 2
3302 1970
3303 1470
3304 2988
3305 883
3306 2301
3307 2
3308 2483
3309 1105
3310 2098
3311 856
3312 3199
3313 2
3314 1659
3315 1444
3316 2489
3317 497
3318 2340
3319 2
3320 3018
3321 1642
3322 2008
3323 2
3324 2772
3325 1096
3326 1665
3327 1111
3328 3317
3329 2
3330 2456
3331 2
3332 2719
3333 1345
3334 1669
3335 1004
3336 3060
3337 461
3338 1671
3339 1570
3340 2730
3341 643
3342 2230
3343 2
3344 3180
3345 1414
3346 2058
3347 2
3348 2916
3349 606
3350 2213
3351 1119
3352 2935
3353 769
3354 2344
3355 1036
3356 2519
3357 1494
3358 1952
3359 2
3360 3301
3361 2
3362 1934
3363 1314
3364 2662
3365 899
3366 2472
3367 863
3368 2949
3369 1125
3370 2136
3371 2
3372 2812
3373 2
3374 2074
3375 1667
3376 3167
3377 704
3378 2254
3379 508
3380 2796
3381 1423
3382 1979
3383 611
3384 3151
3385 905
3386 1695
3387 1131
3388 2762
3389 2
3390 2413
3391 2
3392 3341
3393 1582
3394 1699
3395 1063
3396 2832
3397 476
3398 1701
3399 1371
3400 3113
3401 580
3402 2550
3403 486
3404 2694
3405 1440
3406 2032
3407 2
3408 3268
3409 782
3410 2232
3411 1518
3412 2561
3413 2
3414 2278
3415 913
3416 3088
3417 1345
3418 1711
3419 659
3420 2972
3421 714
3422 1981
3423 1404
3424 3319
3425 1098
3426 2286
3427 556
3428 2573
3429 1653
3430 2264
3431 471
3432 3178
3433 2
3434 2028
3435 1452
3436 2579
3437 788
3438 2485
3439 586
3440 3284
3441 1328
3442 1723
3443 718
3444 2938
3445 1052
3446 1725
3447 1534
3448 3019
3449 2
3450 2486
3451 881
3452 2591
3453 1153
3454 2089
3455 923
3456 3443
3457 2
3458 2175
3459 1155
3460 2828
3461 2
3462 2310
3463 2
3464 3033
3465 1663
3466 1735
3467 2
3468 2947
3469 2
3470 2200
3471 1380
3472 3306
3473 564
3474 2511
3475 1114
3476 2789
3477 1357
3478 2001
3479 911
3480 3231
3481 473
3482 1743
3483 1722
3484 2781
3485 1056
3486 2458
3487 726
3488 3381
3489 1165
3490 2212
3491 2
3492 3009
3493 800
3494 1749
3495 1478
3496 3138
3497 672
3498 2454
3499 2
3500 2916
3501 1558
3502 2068
3503 525
3504 3360
3505 937
3506 1755
3507 1438
3508 2633
3509 797
3510 2619
3511 2
3512 3075
3513 1173
3514 2161
3515 1060
3516 2932
3517 2
3518 1761
3519 1638
3520 3482
3521 806
3522 2350
3523 676
3524 2645
3525 1553
3526 2027
3527 2
3528 3297
3529 2
3530 2238
3531 1423
3532 2651
3533 2
3534 2459
3535 1107
3536 3359
3537 1705
3538 2048
3539 2
3540 3031
3541 2
3542 2231
3543 1183
3544 3103
3545 947
3546 2563
3547 2
3548 2663
3549 1489
3550 2345
3551 485
3552 3480
3553 800
3554 1779
3555 1687
3556 2873
3557 2
3558 2374
3559 2
3560 3236
3561 1189
3562 2125
3563 817
3564 3115
3565 1072
3566 1785
3567 1379
3568 3347
3569 500
3570 2568
3571 2
3572 2833
3573 1590
3574 1789
3575 1176
3576 3280
3577 936
3578 1791
3579 1195
3580 2926
3581 2
3582 2589
3583 2
3584 3579
3585 1516
3586 2169
3587 648
3588 3050
3589 526
3590 2276
3591 1761
3592 3145
3593 2
3594 2398
3595 961
3596 2844
3597 1449
3598 2212
3599 489
3600 3484
3601 693
3602 1803
3603 1203
3604 2867
3605 1128
3606 2406
3607 2
3608 3253
3609 1606
3610 2353
3611 587
3612 3081
3613 2
3614 2155
3615 1528
3616 3505
3617 2
3618 2682
3619 936
3620 2958
3621 1424
3622 1813
3623 2
3624 3324
3625 1201
3626 2289
3627 1692
3628 2723
3629 620
3630 2609
3631 2
3632 3407
3633 1489
3634 2112
3635 971
3636 3133
3637 2
3638 2147
3639 1215
3640 3329
3641 759
3642 2430
3643 2
3644 2735
3645 1822
3646 1825
3647 836
3648 3612
3649 523
3650 2411
3651 1219
3652 2931
3653 703
3654 2688
3655 1108
3656 3201
3657 1418
3658 2108
3659 2
3660 3133
3661 839
3662 1833
3663 1715
3664 3437
3665 979
3666 2562
3667 625
3668 2963
3669 1225
3670 2326
3671 2
3672 3436
3673 2
3674 2221
3675 1631
3676 2759
3677 2
3678 2454
3679 708
3680 3598
3681 1638
3682 2263
3683 576
3684 3072
3685 1138
3686 2156
3687 1231
3688 3229
3689 940
3690 2722
3691 2
3692 2947
3693 1233
3694 1849
3695 987
3696 3562
3697 2
3698 2121
3699 1783
3700 3073
3701 2
3702 2470
3703 939
3704 3243
3705 1614
3706 2187
3707 772
3708 3195
3709 2
3710 2436
3711 1239
3712 3685
3713 512
3714 2478
3715 993
3716 2789
3717 1749
3718 2281
3719 2
3720 3453
3721 504
3722 1863
3723 1465
3724 3038
3725 1194
3726 2785
3727 2
3728 3497
3729 1503
3730 2364
3731 956
3732 3112
3733 2
3734 1869
3735 1773
3736 3271
3737 549
3738 2637
3739 2
3740 3095
3741 1445
3742 1873
3743 640
3744 3681
3745 1172
3746 1875
3747 1251
3748 2813
3749 610
3750 2709
3751 852
3752 3393
3753 1809
3754 1879
3755 1003
3756 3132
3757 777
3758 1881
3759 1542
3760 3590
3761 2
3762 2762
3763 513
3764 2825
3765 1592
3766 2316
3767 2
3768 3456
3769 2
3770 2462
3771 1678
3772 2985
3773 1006
3774 2631
3775 1210
3776 3719
3777 1261
3778 1891
3779 2
3780 3301
3781 646
3782 2180
3783 1504
3784 3411
3785 1011
3786 2526
3787 867
3788 2843
3789 1686
3790 2402
3791 686
3792 3636
3793 2
3794 2332
3795 1657
3796 3030
3797 2
3798 2745
3799 594
3800 3479
3801 1558
3802 1903
3803 2
3804 3172
3805 1017
3806 2300
3807 1882
3808 3718
3809 733
3810 2711
3811 558
3812 2861
3813 1468
3814 1909
3815 1193
3816 3553
3817 796
3818 2219
3819 1489
3820 3122
3821 2
3822 2716
3823 2
3824 3587
3825 1838
3826 1915
3827 536
3828 3259
3829 878
3830 2428
3831 1279
3832 3355
3833 2
3834 2842
3835 1171
3836 3098
3837 1281
3838 2246
3839 800
3840 3832
3841 624
3842 2268
3843 1807
3844 3037
3845 1027
3846 2566
3847 2
3848 3461
3849 1285
3850 2561
3851 2
3852 3319
3853 2
3854 2211
3855 1630
3856 3617
3857 979
3858 2574
3859 699
3860 3154
3861 1891
3862 1933
3863 2
3864 3580
3865 1033
3866 1935
3867 1291
3868 2903
3869 526
3870 2854
3871 1013
3872 3779
3873 1293
3874 2312
3875 1283
3876 3292
3877 2
3878 2385
3879 1726
3880 3526
3881 2
3882 2590
3883 809
3884 2915
3885 1702
3886 2247
3887 805
3888 3767
3889 2
3890 2466
3891 1299
3892 3143
3893 704
3894 2733
3895 1174
3896 3411
3897 1734
3898 1951
3899 893
3900 3356
3901 536
3902 1953
3903 1303
3904 3845
3905 1205
3906 2872
3907 2
3908 2933
3909 1305
3910 2550
3911 2
3912 3588
3913 1002
3914 2290
3915 1926
3916 3142
3917 2
3918 2614
3919 2
3920 3754
3921 1309
3922 2253
3923 2
3924 3381
3925 1258
3926 2343
3927 1650
3928 3439
3929 2
3930 2797
3931 2
3932 2951
3933 1827
3934 2419
3935 1051
3936 3856
3937 595
3938 2381
3939 1567
3940 3220
3941 902
3942 2922
3943 2
3944 3543
3945 1668
3946 1975
3947 2
3948 3367
3949 823
3950 2609
3951 1758
3952 3755
3953 535
3954 2638
3955 1237
3956 3130
3957 1321
3958 1981
3959 581
3960 3702
3961 717
3962 2436
3963 1323
3964 2975
3965 1209
3966 2646
3967 2
3968 3939
3969 1974
3970 2516
3971 892
3972 3312
3973 622
3974 1989
3975 1751
3976 3595
3977 569
3978 2917
3979 648
3980 3252
3981 1329
3982 2406
3983 913
3984 3820
3985 1065
3986 1995
3987 1774
3988 2993
3989 2
3990 2869
3991 768
3992 3495
3993 1636
3994 1999
3995 1209
3996 3480
3997 915
3998 2001
3999 1542
4000 3917
4001 2
4002 2783
4003 2
4004 3263
4005 1901
4006 2005
4007 2
4008 3676
4009 685
4010 2542
4011 1645
4012 3190
4013 2
4014 2901
4015 1239
4016 3767
4017 1597
4018 2536
4019 2
4020 3441
4021 2
4022 2013
4023 1939
4024 3523
4025 1326
4026 2825
4027 2
4028 3193
4029 1585
4030 2632
4031 631
4032 3999
4033 591
4034 2019
4035 1706
4036 3029
4037 842
4038 2694
4039 926
4040 3672
4041 1798
4042 2316
4043 778
4044 3372
4045 1081
4046 2542
4047 1578
4048 3850
4049 2
4050 3034
4051 2
4052 3041
4053 1662
4054 2029
4055 1083
4056 3754
4057 2
4058 2031
4059 1900
4060 3365
4061 613
4062 2710
4063 736
4064 3939
4065 1718
4066 2379
4067 1064
4068 3505
4069 783
4070 2665
4071 1577
4072 3565
4073 2
4074 2874
4075 1306
4076 3059
4077 1965
4078 2041
4079 2
4080 3935
4081 1055
4082 2435
4083 1363
4084 3065
4085 1228
4086 2953
4087 547
4088 3696
4089 1578
4090 2592
4091 2
4092 3482
4093 2
4094 2378
4095 1964
4096 4096
4097 741
4098 2734
4099 2
4100 3405
4101 1369
4102 2521
4103 856
4104 3840
4105 1097
4106 2055
4107 1579
4108 3279
4109 941
4110 2925
4111 2
4112 3857
4113 1830
4114 2525
4115 1099
4116 3522
4117 669
4118 2380
4119 1375
4120 3744
4121 792
4122 2979
4123 1045
4124 3095
4125 1832
4126 2065
4127 2
4128 4044
4129 2
4130 2713
4131 2059
4132 3101
4133 2
4134 2889
4135 1105
4136 3727
4137 1696
4138 2071
4139 2
4140 3598
4141 591
4142 2423
4143 1383
4144 3947
4145 1107
4146 2766
4147 936
4148 3299
4149 1846
4150 2741
4151 950
4152 3808
4153 2
4154 2391
4155 1756
4156 3119
4157 2
4158 3100
4159 2
4160 4114
4161 1623
4162 2083
4163 677
4164 3472
4165 1331
4166 2085
4167 1854
4168 3649
4169 868
4170 2967
4171 582
4172 3370
4173 1659
4174 2089
4175 1338
4176 4033
4177 2
4178 2091
4179 1713
4180 3459
4181 611
4182 2915
4183 573
4184 3663
4185 2058
4186 2632
4187 566
4188 3492
4189 562
4190 2656
4191 1689
4192 4063
4193 961
4194 3031
4195 1121
4196 3149
4197 1401
4198 2101
4199 867
4200 3908
4201 2
4202 2540
4203 1870
4204 3155
4205 1260
4206 2806
4207 963
4208 3947
4209 1630
4210 2668
4211 2
4212 3681
4213 877
4214 2659
4215 1782
4216 3786
4217 2
4218 2935
4219 2
4220 3448
4221 1986
4222 2113
4223 603
4224 4204
4225 1388
4226 2115
4227 1411
4228 3414
4229 2
4230 3120
4231 2
4232 3796
4233 1665
4234 2448
4235 1350
4236 3532
4237 725
4238 2528
4239 2043
4240 4048
4241 2
4242 2992
4243 2
4244 3185
4245 1794
4246 2566
4247 643
4248 3955
4249 974
4250 2830
4251 1689
4252 3191
4253 2
4254 2838
4255 1276
4256 4155
4257 1992
4258 2131
4259 2
4260 3647
4261 2
4262 2133
4263 1794
4264 3835
4265 1139
4266 3162
4267 773
4268 3425
4269 1425
4270 2803
4271 2
4272 4096
4273 2
4274 2139
4275 2054
4276 3209
4277 1096
4278 2973
4279 892
4280 3890
4281 1429
4282 2143
4283 2
4284 3718
4285 1145
4286 2145
4287 1431
4288 4223
4289 2
4290 3083
4291 983
4292 3393
4293 2122
4294 2513
4295 1147
4296 3940
4297 2
4298 2643
4299 1435
4300 3571
4301 967
4302 3109
4303 827
4304 4037
4305 1886
4306 2155
4307 578
4308 3592
4309 652
4310 2732
4311 1918
4312 3916
4313 738
4314 2878
4315 1153
4316 3445
4317 1441
4318 2550
4319 989
4320 4252
4321 677
4322 2163
4323 1743
4324 3421
4325 1386
4326 3051
4327 2
4328 3789
4329 2018
4330 2744
4331 576
4332 3677
4333 992
4334 2619
4335 1887
4336 4067
4337 2
4338 3135
4339 2
4340 3595
4341 1449
4342 2589
4343 607
4344 3984
4345 1341
4346 2491
4347 2131
4348 3263
4349 2
4350 3134
4351 745
4352 4337
4353 1453
4354 2677
4355 1329
4356 3779
4357 2
4358 2181
4359 1455
4360 3962
4361 1141
4362 2910
4363 2
4364 3275
4365 2071
4366 2507
4367 909
4368 4209
4369 791
4370 2847
4371 1681
4372 3281
4373 2
4374 3281
4375 1458
4376 3831
4377 1461
4378 2645
4379 686
4380 3749
4381 843
4382 2694
4383 1950
4384 4249
4385 1171
4386 3057
4387 625
4388 3293
4389 1843
4390 2782
4391 2
4392 4089
4393 716
4394 2652
4395 1858
4396 3551
4397 2
4398 2934
4399 594
4400 4215
4401 2121
4402 2532
4403 1122
4404 3672
4405 1177
4406 2205
4407 1751
4408 3954
4409 2
4410 3264
4411 919
4412 3311
4413 1473
4414 2209
4415 1179
4416 4372
4417 1011
4418 2526
4419 1966
4420 3654
4421 2
4422 3103
4423 2
4424 3999
4425 1949
4426 2215
4427 757
4428 3856
4429 617
4430 2808
4431 1816
4432 4157
4433 1001
4434 2958
4435 1185
4436 3329
4437 2064
4438 2728
4439 722
4440 4121
4441 2
4442 2223
4443 1483
4444 3567
4445 1391
4446 3261
4447 2
4448 4311
4449 1485
4450 2939
4451 2
4452 3796
4453 590
4454 2628
4455 2217
4456 3901
4457 2
4458 2974
4459 1188
4460 3644
4461 1489
4462 2591
4463 2
4464 4311
4465 1345
4466 2812
4467 1491
4468 3353
4469 638
4470 3181
4471 811
4472 4021
4473 2104
4474 2239
4475 1434
4476 3732
4477 1017
4478 2241
4479 1495
4480 4456
4481 2
4482 3322
4483 2
4484 3556
4485 1954
4486 2245
4487 1028
4488 4155
4489 593
4490 2846
4491 1998
4492 3371
4493 2
4494 3169
4495 1346
4496 4217
4497 1501
4498 2681
4499 936
4500 3917
4501 1031
4502 2253
4503 1757
4504 3943
4505 1365
4506 3006
4507 2
4508 3677
4509 2173
4510 2952
4511 867
4512 4420
4513 2
4514 2590
4515 1977
4516 3389
4517 2
4518 3265
4519 2
4520 4108
4521 1823
4522 2839
4523 2
4524 3844
4525 1450
4526 2604
4527 2014
4528 4247
4529 1037
4530 3223
4531 738
4532 3637
4533 1513
4534 2269
4535 1211
4536 4251
4537 872
4538 2271
4539 1786
4540 3710
4541 776
4542 3030
4543 1175
4544 4475
4545 2157
4546 2275
4547 2
4548 3792
4549 2
4550 3026
4551 1748
4552 3985
4553 712
4554 3344
4555 1217
4556 3623
4557 1918
4558 2607
4559 623
4560 4397
4561 2
4562 2283
4563 2233
4564 3686
4565 1409
4566 3046
4567 2
4568 3999
4569 1525
4570 2896
4571 1046
4572 3939
4573 828
4574 2289
4575 2015
4576 4465
4577 744
4578 3228
4579 783
4580 3742
4581 2038
4582 2650
4583 2
4584 4204
4585 1435
4586 2295
4587 1849
4588 3622
4589 883
4590 3425
4591 2
4592 4373
4593 1533
4594 2299
4595 1227
4596 3832
4597 2
4598 2823
4599 2163
4600 4211
4601 640
4602 3216
4603 2
4604 3455
4605 1946
4606 2907
4607 835
4608 4604
4609 961
4610 2922
4611 1779
4612 3461
4613 1057
4614 3078
4615 1409
4616 4041
4617 2301
4618 2311
4619 695
4620 3973
4621 2
4622 2313
4623 1791
4624 4392
4625 1531
4626 3343
4627 1059
4628 3694
4629 1545
4630 2934
4631 963
4632 4248
4633 658
4634 2848
4635 2199
4636 3675
4637 2
4638 3094
4639 2
4640 4536
4641 1945
4642 2804
4643 2
4644 4044
4645 1241
4646 2700
4647 1551
4648 4201
4649 2
4650 3350
4651 2
4652 3491
4653 2176
4654 2774
4655 1486
4656 4464
4657 2
4658 2749
4659 1555
4660 3808
4661 621
4662 3429
4663 2
4664 4203
4665 1972
4666 2335
4667 899
4668 3892
4669 1183
4670 2960
4671 2251
4672 4601
4673 2
4674 3251
4675 1537
4676 3776
4677 1561
4678 2341
4679 2
4680 4374
4681 707
4682 2343
4683 1920
4684 3515
4685 1251
4686 3288
4687 652
4688 4397
4689 2086
4690 3080
4691 2
4692 3984
4693 969
4694 2349
4695 1984
4696 4111
4697 1215
4698 3511
4699 689
4700 3903
4701 1569
4702 2353
4703 2
4704 4620
4705 1257
4706 2806
4707 2094
4708 3777
4709 853
4710 3351
4711 1079
4712 4226
4713 1573
4714 2359
4715 1413
4716 4063
4717 633
4718 2901
4719 1932
4720 4506
4721 2
4722 3150
4723 2
4724 3545
4725 2333
4726 2789
4727 741
4728 4336
4729 2
4730 3096
4731 1845
4732 3855
4733 2
4734 3421
4735 1265
4736 4701
4737 1581
4738 2752
4739 1085
4740 4057
4741 988
4742 2373
4743 2205
4744 4153
4745 1448
4746 3346
4747 647
4748 3563
4749 1585
4750 3162
4751 2
4752 4600
4753 1244
4754 2379
4755 2010
4756 3757
4757 624
4758 3324
4759 2
4760 4353
4761 2209
4762 2383
4763 992
4764 3972
4765 1273
4766 2385
4767 1954
4768 4621
4769 816
4770 3518
4771 918
4772 3581
4773 1832
4774 3005
4775 1530
4776 4380
4777 864
4778 2391
4779 2362
4780 3906
4781 1094
4782 3190
4783 2
4784 4545
4785 2089
4786 2395
4787 2
4788 4155
4789 2
4790 3036
4791 1599
4792 4195
4793 2
4794 3340
4795 1500
4796 3847
4797 2236
4798 2401
4799 2
4800 4759
4801 2
4802 3042
4803 1603
4804 3605
4805 1435
4806 3562
4807 1078
4808 4209
4809 1971
4810 3140
4811 870
4812 4012
4813 2
4814 2783
4815 2285
4816 4586
4817 2
4818 3380
4819 636
4820 3938
4821 1609
4822 2413
4823 1236
4824 4491
4825 1546
4826 2825
4827 1611
4828 3838
4829 1005
4830 3473
4831 2
4832 4683
4833 2329
4834 2419
4835 1291
4836 4110
4837 1107
4838 2772
4839 1615
4840 4424
4841 660
4842 3499
4843 758
4844 3911
4845 2108
4846 2425
4847 710
4848 4648
4849 933
4850 3203
4851 2299
4852 3641
4853 790
4854 3238
4855 1297
4856 4251
4857 1621
4858 2986
4859 674
4860 4252
4861 2
4862 2981
4863 1623
4864 4847
4865 1521
4866 3246
4867 734
4868 3653
4869 2166
4870 3086
4871 2
4872 4515
4873 1015
4874 2439
4875 2164
4876 3856
4877 2
4878 3525
4879 1243
4880 4658
4881 1629
4882 2443
4883 835
4884 4157
4885 1305
4886 3003
4887 2355
4888 4395
4889 2
4890 3479
4891 638
4892 3671
4893 2005
4894 2449
4895 1510
4896 4813
4897 648
4898 2820
4899 1900
4900 4081
4901 1015
4902 3407
4903 2
4904 4293
4905 2327
4906 2965
4907 1124
4908 4092
4909 2
4910 3112
4911 1639
4912 4607
4913 944
4914 3663
4915 1313
4916 3689
4917 1982
4918 2461
4919 2
4920 4567
4921 1248
4922 2861
4923 2190
4924 3695
4925 1578
4926 3286
4927 947
4928 4871
4929 1897
4930 3214
4931 2
4932 4249
4933 2
4934 2469
4935 2161
4936 4321
4937 2
4938 3294
4939 1029
4940 4084
4941 2442
4942 3037
4943 2
4944 4740
4945 1482
4946 2475
4947 1948
4948 3713
4949 1295
4950 3665
4951 2
4952 4335
4953 1970
4954 2479
4955 1323
4956 4227
4957 2
4958 2846
4959 2301
4960 4848
4961 1126
4962 3310
4963 1136
4964 3947
4965 2098
4966 2962
4967 2
4968 4648
4969 2
4970 3264
4971 1659
4972 3989
4973 2
4974 3318
4975 1594
4976 4667
4977 2340
4978 2914
4979 956
4980 4263
4981 899
4982 2846
4983 2008
4984 4506
4985 1331
4986 3603
4987 2
4988 3939
4989 1665
4990 3162
4991 1261
4992 4968
4993 2
4994 3018
4995 2456
4996 3749
4997 852
4998 3552
4999 2
5000 4584
5001 1669
5002 2863
5003 2
5004 4311
5005 1595
5006 2505
5007 1671
5008 4697
5009 2
5010 3565
5011 2
5012 4048
5013 2230
5014 2914
5015 1518
5016 4643
5017 785
5018 2993
5019 2058
5020 4102
5021 2
5022 3753
5023 2
5024 4869
5025 2213
5026 3090
5027 1047
5028 4192
5029 686
5030 3188
5031 2344
5032 4518
5033 1153
5034 3358
5035 1515
5036 3779
5037 1952
5038 3044
5039 2
5040 4876
5041 658
5042 2523
5043 1934
5044 4026
5045 1347
5046 3503
5047 1320
5048 4419
5049 2472
5050 3335
5051 2
5052 4212
5053 763
5054 3171
5055 2136
5056 4979
5057 972
5058 3655
5059 2
5060 4187
5061 2074
5062 2533
5063 666
5064 4644
5065 1353
5066 2990
5067 2254
5068 4092
5069 743
5070 3641
5071 1056
5072 4757
5073 1979
5074 2898
5075 1673
5076 4420
5077 2
5078 2541
5079 1695
5080 4616
5081 2
5082 3609
5083 1049
5084 4010
5085 2413
5086 2545
5087 2
5088 4984
5089 1166
5090 3226
5091 1699
5092 4035
5093 1060
5094 3681
5095 1361
5096 4627
5097 1701
5098 2551
5099 2
5100 4388
5101 2
5102 2553
5103 2550
5104 4854
5105 1363
5106 3545
5107 2
5108 3833
5109 2032
5110 3355
5111 873
5112 4759
5113 2
5114 2559
5115 2232
5116 3839
5117 1303
5118 3414
5119 2
5120 5117
5121 2278
5122 3054
5123 699
5124 4369
5125 1697
5126 3098
5127 1711
5128 4489
5129 836
5130 3827
5131 1175
5132 3851
5133 1981
5134 3030
5135 1567
5136 4924
5137 1068
5138 3159
5139 2286
5140 4200
5141 689
5142 3430
5143 753
5144 4503
5145 2264
5146 2960
5147 2
5148 4465
5149 880
5150 3401
5151 2028
5152 5029
5153 2
5154 3438
5155 1377
5156 3869
5157 2485
5158 2581
5159 1334
5160 4789
5161 991
5162 2983
5163 1723
5164 3875
5165 1379
5166 3799
5167 2
5168 4907
5169 1725
5170 3382
5171 2
5172 4312
5173 1184
5174 3084
5175 2486
5176 4531
5177 781
5178 3454
5179 2
5180 4292
5181 2089
5182 2593
5183 673
5184 5144
5185 1571
5186 2595
5187 2175
5188 3893
5189 2
5190 3693
5191 814
5192 4680
5193 2310
5194 3277
5195 1387
5196 4332
5197 2
5198 3019
5199 1735
5200 4981
5201 1190
5202 3814
5203 1180
5204 3905
5205 2200
5206 3046
5207 742
5208 4825
5209 2
5210 3302
5211 2511
5212 3911
5213 1001
5214 3658
5215 1632
5216 5055
5217 2001
5218 2611
5219 943
5220 4536
5221 850
5222 3210
5223 1743
5224 4573
5225 1717
5226 3652
5227 2
5228 3923
5229 2458
5230 3314
5231 2
5232 5016
5233 2
5234 2619
5235 2212
5236 4268
5237 2
5238 3882
5239 1085
5240 4762
5241 1749
5242 2623
5243 1372
5244 4449
5245 1401
5246 2995
5247 2454
5248 5209
5249 821
5250 3791
5251 694
5252 4193
5253 2068
5254 3012
5255 1403
5256 4893
5257 1203
5258 3178
5259 1755
5260 4298
5261 2
5262 3510
5263 899
5264 5012
5265 2619
5266 2635
5267 857
5268 4392
5269 1097
5270 3435
5271 2161
5272 4615
5273 2
5274 3811
5275 1690
5276 3959
5277 1761
5278 3316
5279 2
5280 5187
5281 2
5282 3090
5283 2350
5284 3965
5285 1652
5286 3526
5287 956
5288 4629
5289 2027
5290 3443
5291 1193
5292 4620
5293 687
5294 2649
5295 2238
5296 4967
5297 2
5298 3534
5299 1214
5300 4401
5301 2459
5302 3203
5303 2
5304 4906
5305 1417
5306 3261
5307 2048
5308 3983
5309 2
5310 3916
5311 722
5312 5231
5313 2231
5314 2659
5315 1419
5316 4432
5317 1021
5318 2661
5319 2563
5320 4864
5321 961
5322 3550
5323 2
5324 4298
5325 2345
5326 2665
5327 1220
5328 5145
5329 687
5330 3480
5331 1779
5332 4208
5333 2
5334 3762
5335 1647
5336 4784
5337 2374
5338 3150
5339 911
5340 4571
5341 1397
5342 2673
5343 2125
5344 5179
5345 1427
5346 4006
5347 2
5348 4319
5349 1785
5350 3533
5351 2
5352 4908
5353 716
5354 2679
5355 2568
5356 4275
5357 1115
5358 3726
5359 871
5360 5116
5361 1789
5362 3295
5363 807
5364 4621
5365 1605
5366 2685
5367 1791
5368 4838
5369 1375
5370 3821
5371 763
5372 4271
5373 2589
5374 2689
5375 1779
5376 5364
5377 917
5378 2691
5379 2169
5380 4396
5381 2
5382 3947
5383 1232
5384 4713
5385 2276
5386 2695
5387 2
5388 4492
5389 974
5390 3557
5391 2398
5392 5057
5393 2
5394 3743
5395 1647
5396 4276
5397 2212
5398 2701
5399 2
5400 5059
5401 1124
5402 3098
5403 1803
5404 4364
5405 1619
5406 3768
5407 2
5408 5275
5409 2406
5410 3428
5411 1238
5412 4606
5413 2
5414 2709
5415 2353
5416 4741
5417 2
5418 3984
5419 2
5420 4428
5421 2155
5422 2713
5423 1218
5424 5200
5425 1787
5426 2715
5427 2682
5428 4291
5429 708
5430 3863
5431 2
5432 4911
5433 1813
5434 3332
5435 1451
5436 4683
5437 2
5438 2721
5439 2289
5440 5380
5441 2
5442 3630
5443 2
5444 4085
5445 2609
5446 3348
5447 1047
5448 4996
5449 2
5450 3599
5451 2112
5452 4304
5453 1382
5454 4042
5455 1457
5456 5187
5457 2147
5458 2731
5459 730
5460 4694
5461 760
5462 2733
5463 2430
5464 4783
5465 1459
5466 3646
5467 1413
5468 4103
5469 1825
5470 3466
5471 2
5472 5379
5473 1051
5474 3436
5475 2411
5476 4317
5477 2
5478 3844
5479 2
5480 4980
5481 2688
5482 2743
5483 2
5484 4572
5485 1465
5486 3271
5487 2108
5488 5237
5489 1142
5490 4048
5491 1052
5492 4121
5493 1833
5494 3144
5495 1719
5496 5040
5497 893
5498 2751
5499 2562
5500 4582
5501 2
5502 3880
5503 2
5504 5463
5505 2326
5506 2755
5507 2
5508 4813
5509 1262
5510 3587
5511 2221
5512 4956
5513 807
5514 3678
5515 1473
5516 4454
5517 2454
5518 3177
5519 2
5520 5323
5521 2
5522 3337
5523 2263
5524 4145
5525 1812
5526 3993
5527 2
5528 4839
5529 2156
5530 3630
5531 2
5532 4612
5533 1152
5534 2769
5535 2722
5536 5365
5537 1448
5538 3870
5539 867
5540 4526
5541 1849
5542 3272
5543 902
5544 5179
5545 1481
5546 3164
5547 2121
5548 4397
5549 836
5550 3998
5551 1421
5552 5207
5553 2470
5554 2779
5555 1715
5556 4632
5557 2
5558 3417
5559 2187
5560 5052
5561 720
5562 4122
5563 2
5564 4441
5565 2436
5566 3416
5567 952
5568 5512
5569 2
5570 3530
5571 2478
5572 4499
5573 2
5574 3718
5575 1786
5576 5006
5577 2281
5578 2791
5579 1277
5580 4848
5581 2
5582 2793
5583 1863
5584 5237
5585 1491
5586 3969
5587 817
5588 4483
5589 2785
5590 3648
5591 2
5592 5128
5593 1422
5594 2799
5595 2364
5596 4199
5597 876
5598 4045
5599 1165
5600 5483
5601 1869
5602 2803
5603 1077
5604 4672
5605 1688
5606 2805
5607 2637
5608 4909
5609 722
5610 4030
5611 845
5612 4436
5613 1873
5614 3451
5615 1499
5616 5436
5617 798
5618 3205
5619 1875
5620 4592
5621 1452
5622 3750
5623 2
5624 5044
5625 2709
5626 3255
5627 1018
5628 4800
5629 1082
5630 3568
5631 1879
5632 5623
5633 780
5634 4071
5635 1799
5636 4229
5637 1881
5638 2821
5639 2
5640 5235
5641 2
5642 3546
5643 2762
5644 4487
5645 1507
5646 3766
5647 2
5648 5297
5649 2316
5650 3731
5651 2
5652 4869
5653 2
5654 3415
5655 2462
5656 5113
5657 2
5658 3928
5659 2
5660 4624
5661 2631
5662 3314
5663 1297
5664 5548
5665 1749
5666 2835
5667 1891
5668 4523
5669 2
5670 4246
5671 758
5672 4965
5673 2180
5674 2839
5675 1818
5676 4830
5677 1299
5678 3353
5679 2526
5680 5422
5681 1169
5682 3790
5683 2
5684 4636
5685 2402
5686 2845
5687 1290
5688 5295
5689 2
5690 3606
5691 2332
5692 4271
5693 2
5694 3979
5695 1725
5696 5609
5697 2745
5698 3587
5699 812
5700 4904
5701 2
5702 2853
5703 1903
5704 5112
5705 1784
5706 4123
5707 1097
5708 4283
5709 2300
5710 3618
5711 2
5712 5503
5713 896
5714 2859
5715 2711
5716 4289
5717 2
5718 3814
5719 1447
5720 5228
5721 1909
5722 2863
5723 755
5724 4984
5725 1834
5726 3519
5727 2219
5728 5551
5729 1037
5730 4077
5731 1194
5732 4301
5733 2716
5734 3272
5735 1710
5736 5260
5737 2
5738 3359
5739 1915
5740 4756
5741 2
5742 4216
5743 2
5744 5387
5745 2428
5746 3469
5747 1316
5748 4792
5749 2
5750 3828
5751 2842
5752 5035
5753 1198
5754 4057
5755 1537
5756 4319
5757 2246
5758 2881
5759 1106
5760 5737
5761 1319
5762 3292
5763 2268
5764 4625
5765 1539
5766 3998
5767 739
5768 5214
5769 2566
5770 3656
5771 903
5772 4904
5773 941
5774 2889
5775 2561
5776 5482
5777 770
5778 4282
5779 2
5780 4777
5781 2211
5782 3648
5783 2
5784 5304
5785 1766
5786 3495
5787 2574
5788 4343
5789 1325
5790 4119
5791 2
5792 5613
5793 1933
5794 2899
5795 1743
5796 5029
5797 1301
5798 3457
5799 1935
5800 5309
5801 2
5802 3870
5803 1328
5804 4355
5805 2854
5806 2905
5807 2
5808 5594
5809 850
5810 3814
5811 2312
5812 4361
5813 2
5814 4261
5815 1553
5816 5091
5817 2385
5818 2911
5819 1301
5820 4981
5821 2
5822 3333
5823 2590
5824 5756
5825 1866
5826 3886
5827 2
5828 4595
5829 2247
5830 3814
5831 1552
5832 5468
5833 998
5834 2919
5835 2466
5836 4379
5837 1120
5838 4116
5839 2
5840 5574
5841 2733
5842 3396
5843 2
5844 4872
5845 1828
5846 3355
5847 1951
5848 5250
5849 2
5850 4331
5851 2
5852 4769
5853 1953
5854 2929
5855 1563
5856 5736
5857 2
5858 3389
5859 2872
5860 4788
5861 2
5862 3910
5863 1322
5864 5133
5865 2550
5866 3606
5867 2
5868 5055
5869 2
5870 3720
5871 2290
5872 5507
5873 1345
5874 4121
5875 1945
5876 4689
5877 2614
5878 2941
5879 2
5880 5469
5881 2
5882 3474
5883 2253
5884 4415
5885 1815
5886 4362
5887 1484
5888 5867
5889 2343
5890 3833
5891 820
5892 4912
5893 760
5894 3622
5895 2797
5896 5314
5897 2
5898 3934
5899 1068
5900 4899
5901 2419
5902 3519
5903 2
5904 5701
5905 1577
5906 2955
5907 2381
5908 4770
5909 1012
5910 4205
5911 965
5912 5175
5913 2922
5914 2959
5915 1883
5916 5022
5917 773
5918 3576
5919 1975
5920 5786
5921 895
5922 4354
5923 2
5924 4445
5925 2609
5926 2965
5927 2
5928 5484
5929 1577
5930 3758
5931 2638
5932 4451
5933 1075
5934 4119
5935 1585
5936 5651
5937 1981
5938 2971
5939 2
5940 5187
5941 1143
5942 2973
5943 2436
5944 5203
5945 1775
5946 3966
5947 1018
5948 4463
5949 2646
5950 3956
5951 1239
5952 5892
5953 2
5954 3550
5955 2516
5956 4469
5957 1503
5958 4305
5959 786
5960 5416
5961 1989
5962 3602
5963 771
5964 5086
5965 1593
5966 3491
5967 2917
5968 5597
5969 813
5970 4247
5971 1367
5972 4481
5973 2406
5974 3453
5975 1914
5976 5563
5977 831
5978 3772
5979 1995
5980 4944
5981 2
5982 3990
5983 904
5984 5838
5985 2869
5986 3423
5987 2
5988 4992
5989 800
5990 3796
5991 1999
5992 5416
5993 1153
5994 4479
5995 1849
5996 4499
5997 2001
5998 3001
5999 1373
6000 5792
6001 1086
6002 3003
6003 2783
6004 4759
6005 1603
6006 4264
6007 2
6008 5259
6009 2005
6010 3808
6011 2
6012 5179
6013 1376
6014 3461
6015 2542
6016 5971
6017 1252
6018 4193
6019 1156
6020 4987
6021 2901
6022 3013
6023 1029
6024 5524
6025 1930
6026 3503
6027 2536
6028 4837
6029 2
6030 4446
6031 882
6032 5729
6033 2013
6034 3709
6035 1826
6036 5032
6037 2
6038 3021
6039 2825
6040 5488
6041 1382
6042 4200
6043 2
6044 4535
6045 2632
6046 3025
6047 2
6048 5952
6049 986
6050 4021
6051 2019
6052 4812
6053 2
6054 4038
6055 1893
6056 5301
6057 2694
6058 3612
6059 772
6060 5187
6061 1357
6062 3726
6063 2316
6064 5687
6065 1619
6066 4383
6067 2
6068 4782
6069 2542
6070 3846
6071 1166
6072 5621
6073 2
6074 3039
6075 3034
6076 4956
6077 799
6078 4054
6079 2
6080 6012
6081 2029
6082 3043
6083 1573
6084 5275
6085 1625
6086 3593
6087 2031
6088 5329
6089 2
6090 4380
6091 2
6092 4571
6093 2710
6094 3682
6095 1824
6096 5844
6097 1561
6098 3051
6099 2379
6100 5065
6101 2
6102 4522
6103 1104
6104 5517
6105 2665
6106 3484
6107 922
6108 5092
6109 871
6110 3988
6111 2874
6112 5923
6113 2
6114 4078
6115 1633
6116 4907
6117 2041
6118 3837
6119 960
6120 5720
6121 2
6122 3063
6123 2435
6124 4595
6125 2039
6126 4086
6127 1276
6128 5747
6129 2953
6130 3884
6131 2
6132 5229
6133 2
6134 3069
6135 2592
6136 5517
6137 1176
6138 4505
6139 1406
6140 5016
6141 2378
6142 3522
6143 2
6144 6143
6145 1641
6146 3777
6147 2734
6148 4853
6149 1386
6150 4430
6151 2
6152 5385
6153 2521
6154 3632
6155 1643
6156 5379
6157 837
6158 3081
6159 2055
6160 5898
6161 800
6162 4306
6163 2
6164 4873
6165 2925
6166 3085
6167 1412
6168 5656
6169 932
6170 3910
6171 2525
6172 4631
6173 2
6174 4551
6175 2026
6176 5985
6177 2380
6178 3091
6179 905
6180 5289
6181 1415
6182 3735
6183 2979
6184 5413
6185 1651
6186 4126
6187 1010
6188 5039
6189 2065
6190 3922
6191 881
6192 5979
6193 1289
6194 3624
6195 2713
6196 4649
6197 2
6198 4134
6199 2
6200 5675
6201 2889
6202 3811
6203 2
6204 5278
6205 1879
6206 3586
6207 2071
6208 6113
6209 1421
6210 4633
6211 2
6212 4661
6213 2423
6214 3704
6215 1917
6216 5760
6217 2
6218 3111
6219 2766
6220 5082
6221 2
6222 4336
6223 1628
6224 5837
6225 2741
6226 3761
6227 1197
6228 5365
6229 2
6230 4091
6231 2391
6232 5588
6233 1018
6234 4158
6235 1861
6236 4679
6237 3100
6238 3121
6239 1129
6240 6129
6241 792
6242 3123
6243 2083
6244 5042
6245 1667
6246 4513
6247 2
6248 5631
6249 2085
6250 4167
6251 1582
6252 5212
6253 1294
6254 3559
6255 2967
6256 5939
6257 2
6258 4413
6259 1303
6260 5114
6261 2089
6262 3602
6263 2
6264 5860
6265 1960
6266 3735
6267 2091
6268 4703
6269 2
6270 4504
6271 2
6272 6237
6273 2915
6274 3139
6275 2010
6276 5232
6277 2
6278 3580
6279 2632
6280 5706
6281 1307
6282 4539
6283 816
6284 4715
6285 2656
6286 3864
6287 2
6288 6028
6289 1078
6290 4099
6291 3031
6292 5078
6293 1586
6294 4198
6295 1681
6296 5511
6297 2101
6298 3585
6299 2
6300 5483
6301 2
6302 3662
6303 2540
6304 6109
6305 1924
6306 4206
6307 1605
6308 4999
6309 2806
6310 3998
6311 2
6312 5788
6313 831
6314 3974
6315 2668
6316 4739
6317 2
6318 4734
6319 809
6320 6032
6321 2659
6322 3652
6323 2
6324 5367
6325 2079
6326 3165
6327 2935
6328 5719
6329 2
6330 4503
6331 1218
6332 4751
6333 2113
6334 3169
6335 1980
6336 6283
6337 2
6338 3171
6339 2115
6340 5180
6341 1148
6342 4471
6343 2
6344 5703
6345 3120
6346 3714
6347 1322
6348 5383
6349 1454
6350 4193
6351 2448
6352 5957
6353 2
6354 4591
6355 1892
6356 5132
6357 2528
6358 3896
6359 2
6360 5903
6361 2
6362 3183
6363 2992
6364 5014
6365 1913
6366 4246
6367 2
6368 6171
6369 2566
6370 4202
6371 1041
6372 5548
6373 2
6374 3189
6375 2830
6376 5581
6377 1460
6378 4254
6379 2
6380 5279
6381 2838
6382 3193
6383 1228
6384 6150
6385 1705
6386 3673
6387 2131
6388 4793
6389 2
6390 4712
6391 1653
6392 5737
6393 2133
6394 3716
6395 1707
6396 5434
6397 2
6398 3933
6399 3162
6400 6384
6401 940
6402 4492
6403 1098
6404 4805
6405 2803
6406 3205
6407 893
6408 5965
6409 1323
6410 4062
6411 2139
6412 5177
6413 1456
6414 4278
6415 1713
6416 6017
6417 2973
6418 3211
6419 1679
6420 5495
6421 2
6422 3877
6423 2143
6424 5789
6425 2058
6426 4789
6427 2
6428 4823
6429 2145
6430 4074
6431 847
6432 6300
6433 1472
6434 3219
6435 3083
6436 4829
6437 919
6438 4466
6439 877
6440 5888
6441 2513
6442 3223
6443 1166
6444 5551
6445 1721
6446 3895
6447 2643
6448 6125
6449 2
6450 4646
6451 2
6452 4841
6453 3109
6454 3967
6455 1723
6456 5920
6457 1344
6458 3231
6459 2155
6460 5338
6461 1654
6462 4669
6463 1054
6464 6365
6465 2732
6466 3677
6467 1015
6468 5533
6469 2
6470 4100
6471 2878
6472 5665
6473 2
6474 4524
6475 2134
6476 4859
6477 2550
6478 3702
6479 1449
6480 6277
6481 2
6482 3984
6483 2163
6484 4865
6485 1731
6486 4502
6487 1246
6488 5679
6489 3051
6490 4247
6491 2
6492 5412
6493 903
6494 3833
6495 2744
6496 6342
6497 825
6498 4760
6499 836
6500 5414
6501 2619
6502 3253
6503 1489
6504 5964
6505 1737
6506 3255
6507 3135
6508 4883
6509 1062
6510 4680
6511 1178
6512 6192
6513 2589
6514 3259
6515 1739
6516 5613
6517 1734
6518 3261
6519 2491
6520 5924
6521 2
6522 4350
6523 1357
6524 5267
6525 3134
6526 3891
6527 845
6528 6496
6529 2
6530 4138
6531 2677
6532 5166
6533 888
6534 4868
6535 1745
6536 5858
6537 2181
6538 4018
6539 1256
6540 5597
6541 989
6542 3273
6543 2910
6544 6137
6545 2086
6546 4366
6547 2
6548 4913
6549 2507
6550 4325
6551 2
6552 6120
6553 2
6554 3787
6555 2847
6556 5260
6557 828
6558 4374
6559 1502
6560 6412
6561 3281
6562 3873
6563 2
6564 5472
6565 2005
6566 4143
6567 2645
6568 5749
6569 2
6570 4844
6571 2
6572 5183
6573 2694
6574 3846
6575 2106
6576 6304
6577 2
6578 4032
6579 3057
6580 5451
6581 2
6582 4390
6583 1036
6584 5763
6585 2782
6586 3772
6587 1508
6588 5736
6589 1372
6590 4176
6591 2652
6592 6491
6593 1131
6594 4650
6595 1761
6596 5246
6597 2934
6598 3301
6599 2
6600 6140
6601 1665
6602 3303
6603 2532
6604 5272
6605 1763
6606 4773
6607 2
6608 6292
6609 2205
6610 4188
6611 1375
6612 5607
6613 1196
6614 3309
6615 3264
6616 5791
6617 1271
6618 4414
6619 2
6620 5408
6621 2209
6622 4167
6623 971
6624 6511
6625 2193
6626 3315
6627 2526
6628 4973
6629 1517
6630 4759
6631 1135
6632 5805
6633 3103
6634 3814
6635 1771
6636 5658
6637 2
6638 3321
6639 2215
6640 6338
6641 1041
6642 4963
6643 1701
6644 5330
6645 2808
6646 3325
6647 1273
6648 6096
6649 859
6650 4421
6651 2958
6652 4991
6653 2
6654 4438
6655 2080
6656 6645
6657 2728
6658 3331
6659 2
6660 5786
6661 2
6662 3333
6663 2223
6664 6051
6665 1986
6666 4678
6667 875
6668 5003
6669 3261
6670 4339
6671 1526
6672 6396
6673 2
6674 3798
6675 2939
6676 5009
6677 1389
6678 4909
6679 2
6680 6070
6681 2628
6682 3984
6683 953
6684 5572
6685 2091
6686 3345
6687 2974
6688 6524
6689 2
6690 4759
6691 2
6692 5404
6693 2591
6694 3349
6695 2043
6696 6264
6697 982
6698 3955
6699 2812
6700 5563
6701 2
6702 4470
6703 2
6704 6287
6705 3181
6706 4122
6707 1150
6708 5698
6709 2
6710 4391
6711 2239
6712 5875
6713 1756
6714 4851
6715 2033
6716 5310
6717 2241
6718 3361
6719 2
6720 6661
6721 1515
6722 3363
6723 3322
6724 5296
6725 2154
6726 4677
6727 1691
6728 6026
6729 2245
6730 4264
6731 898
6732 5838
6733 2
6734 4230
6735 2846
6736 6317
6737 2
6738 4494
6739 1101
6740 5506
6741 3169
6742 3373
6743 1403
6744 6184
6745 2028
6746 3375
6747 2681
6748 5448
6749 1221
6750 5042
6751 938
6752 6543
6753 2253
6754 4081
6755 2112
6756 5632
6757 1060
6758 3887
6759 3006
6760 6176
6761 2
6762 4804
6763 2
6764 5361
6765 2952
6766 3994
6767 866
6768 6535
6769 1550
6770 4290
6771 2590
6772 5081
6773 1303
6774 4518
6775 2170
6776 6150
6777 3265
6778 3391
6779 2
6780 5803
6781 2
6782 3393
6783 2839
6784 6733
6785 2029
6786 4975
6787 1412
6788 5093
6789 2604
6790 4458
6791 2
6792 6228
6793 2
6794 3873
6795 3223
6796 5099
6797 1556
6798 4770
6799 1307
6800 6513
6801 2269
6802 3981
6803 2
6804 5952
6805 1817
6806 3889
6807 2271
6808 6098
6809 1416
6810 4845
6811 1781
6812 5438
6813 3030
6814 3409
6815 2032
6816 6676
6817 1231
6818 4191
6819 2275
6820 5642
6821 1166
6822 4929
6823 2
6824 5973
6825 3026
6826 3415
6827 2
6828 5692
6829 2
6830 4328
6831 3344
6832 6504
6833 2
6834 4762
6835 1825
6836 5129
6837 2607
6838 4078
6839 1565
6840 6392
6841 2
6842 4135
6843 2283
6844 5403
6845 2035
6846 4827
6847 976
6848 6743
6849 3046
6850 4523
6851 1411
6852 5712
6853 1771
6854 3983
6855 2896
6856 6001
6857 2
6858 5082
6859 1238
6860 5694
6861 2289
6862 3902
6863 2
6864 6610
6865 1833
6866 3435
6867 3228
6868 5462
6869 2
6870 4887
6871 2
6872 6015
6873 2650
6874 4225
6875 2290
6876 5923
6877 1412
6878 4025
6879 2295
6880 6724
6881 1574
6882 4769
6883 2
6884 5165
6885 3425
6886 4161
6887 875
6888 6382
6889 866
6890 4497
6891 2299
6892 5171
6893 892
6894 4981
6895 2156
6896 6467
6897 2823
6898 3451
6899 2
6900 5936
6901 884
6902 4332
6903 3216
6904 6043
6905 1843
6906 4606
6907 2
6908 5543
6909 2907
6910 4378
6911 2
6912 6899
6913 1048
6914 3459
6915 2922
6916 5633
6917 2
6918 4614
6919 1554
6920 6288
6921 3078
6922 3463
6923 1746
6924 5772
6925 2218
6926 3465
6927 2311
6928 6497
6929 1433
6930 5128
6931 1088
6932 5201
6933 2313
6934 3469
6935 2085
6936 6415
6937 1587
6938 3471
6939 3343
6940 5670
6941 1443
6942 4851
6943 926
6944 6778
6945 2934
6946 4037
6947 2
6948 5985
6949 2
6950 4589
6951 2848
6952 6265
6953 1257
6954 4834
6955 2123
6956 5479
6957 3094
6958 4390
6959 2
6960 6711
6961 2
6962 3954
6963 2804
6964 5225
6965 2177
6966 5205
6967 2
6968 6265
6969 2700
6970 4541
6971 2
6972 5944
6973 1194
6974 4213
6975 3350
6976 6869
6977 2
6978 4654
6979 1598
6980 5702
6981 2774
6982 3493
6983 2
6984 6501
6985 2155
6986 4293
6987 2749
6988 5243
6989 1097
6990 4973
6991 2
6992 6634
6993 3429
6994 4169
6995 1867
6996 5952
6997 2
6998 3501
6999 2335
7000 6416
7001 2
7002 5059
7003 955
7004 5570
7005 2960
7006 4028
7007 1862
7008 6864
7009 977
7010 4442
7011 3251
7012 5261
7013 2
7014 4945
7015 2098
7016 6141
7017 2341
7018 4306
7019 2
7020 6129
7021 1786
7022 3513
7023 2343
7024 6587
7025 2250
7026 4686
7027 2
7028 5675
7029 3288
7030 4575
7031 886
7032 6448
7033 1353
7034 3519
7035 3080
7036 5279
7037 1067
7038 5157
7039 2
7040 7002
7041 2349
7042 4327
7043 2
7044 5872
7045 1881
7046 4199
7047 3511
7048 6169
7049 1783
7050 5078
7051 1468
7052 5553
7053 2353
7054 3529
7055 2135
7056 6825
7057 2
7058 3531
7059 2806
7060 5768
7061 1155
7062 4954
7063 1616
7064 6183
7065 3351
7066 3535
7067 1038
7068 5993
7069 2
7070 4642
7071 2359
7072 6895
7073 1472
7074 5242
7075 2266
7076 5586
7077 2901
7078 3541
7079 2
7080 6571
7081 895
7082 3543
7083 3150
7084 5773
7085 2161
7086 4726
7087 1215
7088 6647
7089 2789
7090 4492
7091 1622
7092 6109
7093 1013
7094 3549
7095 3096
7096 6211
7097 965
7098 5038
7099 1076
7100 5895
7101 3421
7102 4036
7103 2
7104 7032
7105 2268
7106 4353
7107 2752
7108 5333
7109 2
7110 5242
7111 1368
7112 6429
7113 2373
7114 3559
7115 1899
7116 5932
7117 1481
7118 3561
7119 3346
7120 6796
7121 2
7122 4750
7123 1290
7124 5687
7125 3162
7126 4380
7127 2
7128 6679
7129 2
7130 4637
7131 2379
7132 5351
7133 1633
7134 4946
7135 1905
7136 6915
7137 3324
7138 4069
7139 1620
7140 6138
7141 1048
7142 3573
7143 2383
7144 6405
7145 1907
7146 5163
7147 1635
7148 5363
7149 2385
7150 4751
7151 2
7152 6856
7153 1169
7154 4513
7155 3518
7156 5369
7157 1295
7158 4774
7159 2
7160 6506
7161 3005
7162 3583
7163 1472
7164 6171
7165 1913
7166 3585
7167 2391
7168 7163
7169 915
7170 5101
7171 908
7172 5755
7173 3190
7174 4235
7175 2364
7176 6638
7177 2
7178 4115
7179 2395
7180 5866
7181 998
7182 5352
7183 1495
7184 6737
7185 3036
7186 3595
7187 2
7188 5992
7189 1842
7190 4556
7191 3340
7192 6440
7193 2
7194 5046
7195 1921
7196 5810
7197 2401
7198 4088
7199 1176
7200 7084
7201 1234
7202 4294
7203 3042
7204 5405
7205 2223
7206 4806
7207 2
7208 6471
7209 3562
7210 4733
7211 2
7212 6012
7213 2
7214 3609
7215 3140
7216 6861
7217 1652
7218 5215
7219 2
7220 5963
7221 2783
7222 4198
7223 1094
7224 6693
7225 2369
7226 3615
7227 3380
7228 5769
7229 2
7230 5143
7231 1655
7232 7121
7233 2413
7234 3619
7235 1931
7236 6300
7237 2
7238 4555
7239 2825
7240 6578
7241 1392
7242 5045
7243 2
7244 5435
7245 3473
7246 3625
7247 2
7248 6948
7249 1509
7250 4826
7251 2419
7252 5915
7253 2
7254 5319
7255 1937
7256 6351
7257 2772
7258 4249
7259 1847
7260 6239
7261 968
7262 3633
7263 3499
7264 7039
7265 1939
7266 5122
7267 1502
7268 5746
7269 2425
7270 4606
7271 1512
7272 6769
7273 1664
7274 3639
7275 3203
7276 5785
7277 1245
7278 4854
7279 1142
7280 6969
7281 3238
7282 4400
7283 2
7284 6072
7285 2167
7286 3645
7287 2986
7288 6379
7289 1067
7290 5467
7291 1190
7292 5471
7293 2981
7294 4483
7295 1947
7296 7260
7297 2
7298 4172
7299 3246
7300 6061
7301 1909
7302 4870
7303 930
7304 6583
7305 3086
7306 4356
7307 2
7308 6342
7309 2
7310 4763
7311 2439
7312 6857
7313 924
7314 5075
7315 2331
7316 5766
7317 3525
7318 3661
7319 1406
7320 6793
7321 2
7322 4500
7323 2443
7324 5495
7325 2346
7326 5378
7327 1326
7328 7101
7329 3003
7330 4644
7331 2
7332 6228
7333 2
7334 4292
7335 3479
7336 6631
7337 1640
7338 4894
7339 1046
7340 5996
7341 2449
7342 3673
7343 1681
7344 7108
7345 2241
7346 3675
7347 2820
7348 5895
7349 2
7350 5306
7351 2
7352 6435
7353 3407
7354 3679
7355 1963
7356 6132
7357 1683
7358 4387
7359 2965
7360 7278
7361 1331
7362 5319
7363 1078
7364 5945
7365 3112
7366 4259
7367 979
7368 6756
7369 2
7370 4823
7371 3663
7372 5842
7373 924
7374 4918
7375 2441
7376 6917
7377 2461
7378 4629
7379 1001
7380 6412
7381 1675
7382 3693
7383 2861
7384 6639
7385 2308
7386 4926
7387 918
7388 5543
7389 3286
7390 4682
7391 1266
7392 7258
7393 2
7394 3699
7395 3214
7396 5819
7397 1422
7398 5482
7399 1935
7400 6773
7401 2469
7402 3703
7403 1540
7404 6172
7405 1977
7406 4642
7407 3294
7408 6947
7409 1120
7410 5319
7411 2
7412 5893
7413 3037
7414 4479
7415 1979
7416 6903
7417 2
7418 3711
7419 2475
7420 6146
7421 1056
7422 4950
7423 1426
7424 7397
7425 3665
7426 4225
7427 1700
7428 6192
7429 1420
7430 4708
7431 2479
7432 6505
7433 2
7434 5466
7435 1985
7436 5999
7437 2846
7438 3721
7439 1030
7440 7173
7441 1703
7442 4225
7443 3310
7444 5585
7445 1987
7446 5188
7447 1548
7448 6762
7449 2962
7450 4919
7451 2
7452 6511
7453 1169
7454 3729
7455 3264
7456 7225
7457 2
7458 5232
7459 2
7460 6094
7461 3318
7462 4687
7463 1349
7464 6844
7465 1993
7466 3735
7467 2914
7468 5603
7469 1931
7470 5508
7471 1128
7472 7007
7473 2846
7474 4286
7475 2452
7476 6375
7477 2
7478 3741
7479 3603
7480 6835
7481 2
7482 5186
7483 1712
7484 5615
7485 3162
7486 4383
7487 2
7488 7425
7489 2
7490 4917
7491 3018
7492 5621
7493 978
7494 4998
7495 2001
7496 6561
7497 3552
7498 4359
7499 2
7500 6459
7501 1441
7502 4603
7503 2863
7504 7145
7505 2257
7506 5562
7507 2
7508 5633
7509 2505
7510 4758
7511 1890
7512 6888
7513 1562
7514 4534
7515 3565
7516 5639
7517 2
7518 5301
7519 939
7520 7350
7521 2914
7522 3763
7523 2
7524 6524
7525 2479
7526 4276
7527 2993
7528 6589
7529 2
7530 5357
7531 1361
7532 6082
7533 3753
7534 3769
7535 2325
7536 7224
7537 2
7538 3771
7539 3090
7540 6232
7541 2
7542 5449
7543 1291
7544 6757
7545 3188
7546 4779
7547 2
7548 6405
7549 2
7550 4985
7551 3358
7552 7495
7553 1935
7554 5038
7555 2017
7556 5669
7557 3044
7558 3781
7559 2
7560 7081
7561 2
7562 4427
7563 2523
7564 5962
7565 2290
7566 5287
7567 1907
7568 7195
7569 3503
7570 4796
7571 964
7572 6312
7573 2
7574 4654
7575 3335
7576 6631
7577 2
7578 5475
7579 1708
7580 6192
7581 3171
7582 4477
7583 2
7584 7428
7585 2254
7586 3795
7587 3655
7588 6126
7589 2
7590 5452
7591 2
7592 6826
7593 2533
7594 3799
7595 2424
7596 6543
7597 960
7598 4393
7599 2990
7600 7279
7601 1581
7602 5359
7603 2
7604 5705
7605 3641
7606 3805
7607 2
7608 6976
7609 1742
7610 4822
7611 2898
7612 6106
7613 1245
7614 5689
7615 2033
7616 7526
7617 2541
7618 4542
7619 1305
7620 6521
7621 2
7622 4369
7623 3609
7624 6673
7625 2523
7626 5281
7627 1199
7628 5723
7629 2545
7630 5008
7631 1467
7632 7369
7633 1381
7634 4613
7635 3226
7636 6037
7637 1748
7638 5308
7639 2
7640 6942
7641 3681
7642 3823
7643 2
7644 6538
7645 2359
7646 3825
7647 2551
7648 7411
7649 2
7650 5663
7651 1751
7652 5741
7653 2553
7654 4363
7655 2043
7656 7087
7657 1572
7658 4707
7659 3545
7660 6258
7661 1039
7662 5110
7663 954
7664 7187
7665 3355
7666 3835
7667 1720
7668 6676
7669 2
7670 5006
7671 2559
7672 6934
7673 2
7674 5118
7675 2458
7676 6084
7677 3414
7678 4639
7679 1757
7680 7672
7681 2
7682 4465
7683 3054
7684 6110
7685 2291
7686 5650
7687 2
7688 6881
7689 3098
7690 4872
7691 2
7692 6412
7693 2012
7694 3849
7695 3827
7696 7309
7697 1070
7698 5134
7699 2
7700 6411
7701 3030
7702 3853
7703 2
7704 7171
7705 2305
7706 3855
7707 3159
7708 6065
7709 1481
7710 5485
7711 1604
7712 7473
7713 3430
7714 4836
7715 2059
7716 6432
7717 2
7718 4558
7719 2960
7720 7014
7721 1766
7722 5752
7723 2
7724 5795
7725 3401
7726 3865
7727 2
7728 7444
7729 1014
7730 4898
7731 3438
7732 5801
7733 1729
7734 5158
7735 2461
7736 6771
7737 2581
7738 4395
7739 977
7740 6724
7741 2
7742 4884
7743 2983
7744 7651
7745 2067
7746 5166
7747 1002
7748 6186
7749 3799
7750 5158
7751 1267
7752 7168
7753 2
7754 3879
7755 3382
7756 6263
7757 2
7758 5605
7759 2
7760 7406
7761 3084
7762 3883
7763 1777
7764 6472
7765 2073
7766 4692
7767 3454
7768 6799
7769 1405
7770 5587
7771 1331
7772 6133
7773 2593
7774 4692
7775 2490
7776 7655
7777 2011
7778 3891
7779 2595
7780 6356
7781 1178
7782 5190
7783 1082
7784 7035
7785 3693
7786 4597
7787 1496
7788 6627
7789 2
7790 5069
7791 3277
7792 7307
7793 2
7794 5631
7795 2081
7796 5849
7797 3019
7798 4792
7799 1622
7800 7256
7801 1226
7802 4437
7803 3814
7804 5855
7805 2440
7806 5206
7807 1145
7808 7749
7809 3046
7810 5110
7811 975
7812 6778
7813 1501
7814 3909
7815 3302
7816 6841
7817 2
7818 5214
7819 1790
7820 6460
7821 3658
7822 3913
7823 2
7824 7500
7825 2506
7826 4915
7827 2611
7828 6204
7829 2
7830 5841
7831 1118
7832 7058
7833 3210
7834 3919
7835 2091
7836 6532
7837 1417
7838 3921
7839 3652
7840 7674
7841 2
7842 5230
7843 1751
7844 6175
7845 3314
7846 3925
7847 1987
7848 7305
7849 1064
7850 5183
7851 2619
7852 6269
7853 2
7854 5577
7855 2097
7856 7367
7857 3882
7858 3931
7859 1235
7860 6727
7861 1799
7862 3933
7863 2623
7864 6883
7865 2456
7866 5760
7867 2
7868 6353
7869 2995
7870 4986
7871 1422
7872 7792
7873 2
7874 4532
7875 3791
7876 6319
7877 2
7878 5506
7879 2
7880 7160
7881 3012
7882 4843
7883 2
7884 6864
7885 2371
7886 3945
7887 3178
7888 7487
7889 2099
7890 5613
7891 1516
7892 5921
7893 3510
7894 3949
7895 2107
7896 7315
7897 1050
7898 4772
7899 2635
7900 6559
7901 2
7902 5709
7903 1808
7904 7707
7905 3435
7906 4488
7907 2
7908 6592
7909 1645
7910 5192
7911 3811
7912 7086
7913 1129
7914 5278
7915 2113
7916 5939
7917 3316
7918 4540
7919 2
7920 7662
7921 979
7922 4678
7923 3090
7924 6398
7925 2538
7926 5286
7927 2
7928 6939
7929 3526
7930 5174
7931 2050
7932 6612
7933 2
7934 3969
7935 3443
7936 7907
7937 2
7938 5943
7939 1435
7940 6486
7941 2649
7942 4863
7943 1642
7944 7284
7945 2484
7946 4595
7947 3534
7948 5963
7949 2
7950 5726
7951 2
7952 7571
7953 3203
7954 4546
7955 2362
7956 6895
7957 994
7958 4627
7959 3261
7960 7232
7961 1363
7962 5310
7963 2
7964 6388
7965 3916
7966 4896
7967 1208
7968 7804
7969 1532
7970 5050
7971 2659
7972 5981
7973 2029
7974 5761
7975 2621
7976 6981
7977 2661
7978 3991
7979 990
7980 6859
7981 1305
7982 4759
7983 3550
7984 7487
7985 2131
7986 5629
7987 2088
7988 5993
7989 2665
7990 5204
7991 1030
7992 7476
7993 2
7994 4912
7995 3480
7996 5999
7997 1664
7998 5541
7999 1369
8000 7917
8001 3762
8002 4003
8003 1064
8004 6785
8005 2137
8006 4005
8007 3150
8008 7267
8009 2
8010 5906
8011 2
8012 6011
8013 2673
8014 4009
8015 2505
8016 7684
8017 2
8018 4694
8019 4006
8020 6552
8021 1541
8022 5656
8023 1010
8024 7202
8025 3533
8026 4015
8027 1312
8028 6915
8029 2017
8030 5254
8031 2679
8032 7783
8033 1262
8034 5614
8035 2145
8036 6554
8037 3726
8038 4021
8039 2
8040 7461
8041 1805
8042 4023
8043 3295
8044 6035
8045 2147
8046 5962
8047 1545
8048 7547
8049 2685
8050 5351
8051 992
8052 6851
8053 2
8054 4029
8055 3821
8056 7221
8057 1844
8058 5614
8059 2
8060 6662
8061 2689
8062 4662
8063 1678
8064 8031
8065 2153
8066 4624
8067 2691
8068 6053
8069 2
8070 5741
8071 1847
8072 7065
8073 3947
8074 4879
8075 2646
8076 6732
8077 1151
8078 4965
8079 2695
8080 7712
8081 2
8082 5839
8083 1057
8084 6358
8085 3557
8086 4821
8087 2
8088 7416
8089 2
8090 5126
8091 3743
8092 6588
8093 2
8094 5625
8095 2161
8096 7898
8097 2701
8098 4051
8099 2074
8100 7084
8101 2
8102 4053
8103 3098
8104 7093
8105 2163
8106 5715
8107 1839
8108 6083
8109 3768
8110 5138
8111 2
8112 7810
8113 2052
8114 4059
8115 3428
8116 6089
8117 2
8118 5959
8119 1327
8120 7425
8121 2709
8122 4674
8123 2
8124 6772
8125 2706
8126 4799
8127 3984
8128 8003
8129 1690
8130 5783
8131 1104
8132 6445
8133 2713
8134 5131
8135 2171
8136 7573
8137 1007
8138 4852
8139 2715
8140 6735
8141 1862
8142 5648
8143 1471
8144 7637
8145 3863
8146 4075
8147 2
8148 6948
8149 1280
8150 5381
8151 3332
8152 7135
8153 1234
8154 6042
8155 2549
8156 6119
8157 2721
8158 4081
8159 1163
8160 8015
8161 2
8162 5136
8163 3630
8164 6517
8165 2444
8166 5446
8167 2
8168 7149
8169 3348
8170 5313
8171 2
8172 7039
8173 1700
8174 4634
8175 3599
8176 7784
8177 1683
8178 5667
8179 2
8180 6682
8181 4042
8182 4093
8183 2140
8184 7574
8185 2185
8186 4095
8187 2731
8188 6472
8189 1402
8190 6059
8191 2
8192 8192
8193 2733
8194 4838
8195 2528
8196 6832
8197 1875
8198 4101
8199 3646
8200 7505
8201 1071
8202 5470
8203 1574
8204 6623
8205 3466
8206 4959
8207 1288
8208 7944
8209 2
8210 5202
8211 3436
8212 6161
8213 1140
8214 5686
8215 2445
8216 7387
8217 3844
8218 5050
8219 2
8220 7035
8221 2
8222 4113
8223 2743
8224 7969
8225 2709
8226 5943
8227 1409
8228 6639
8229 3271
8230 5214
8231 2
8232 7638
8233 2
8234 4786
8235 4048
8236 6498
8237 2
8238 5494
8239 2130
8240 7864
8241 3144
8242 4913
8243 2
8244 7101
8245 2498
8246 5168
8247 2751
8248 7219
8249 1027
8250 5957
8251 1213
8252 6191
8253 3880
8254 4129
8255 2520
8256 8172
8257 1351
8258 4131
8259 2755
8260 6843
8261 1719
8262 6190
8263 2
8264 7233
8265 3587
8266 4135
8267 1892
8268 7023
8269 2
8270 5240
8271 3678
8272 7863
8273 2
8274 5833
8275 2650
8276 6209
8277 3177
8278 4141
8279 1498
8280 7738
8281 2199
8282 4732
8283 3337
8284 6565
8285 2211
8286 5526
8287 2
8288 8091
8289 3993
8290 5252
8291 2
8292 6912
8293 2
8294 5083
8295 3630
8296 7447
8297 2
8298 5995
8299 1154
8300 6891
8301 2769
8302 5101
8303 1501
8304 7960
8305 2562
8306 4155
8307 3870
8308 6545
8309 1901
8310 5911
8311 2
8312 7275
8313 3272
8314 4159
8315 2219
8316 7258
8317 2
8318 4161
8319 3164
8320 8274
8321 1107
8322 5784
8323 2092
8324 6245
8325 3998
8326 4840
8327 1732
8328 7636
8329 2
8330 5496
8331 2779
8332 6251
8333 1601
8334 6021
8335 2225
8336 7817
8337 3417
8338 5037
8339 1263
8340 7137
8341 1429
8342 4753
8343 4122
8344 7542
8345 2227
8346 5832
8347 1510
8348 6263
8349 3416
8350 5513
8351 1910
8352 8209
8353 2
8354 4179
8355 3530
8356 6269
8357 1074
8358 5892
8359 1606
8360 7639
8361 3718
8362 4792
8363 2
8364 7097
8365 2616
8366 4756
8367 2791
8368 7847
8369 2
8370 6243
8371 1742
8372 6818
8373 2793
8374 4753
8375 2771
8376 7680
8377 2
8378 4751
8379 3969
8380 6846
8381 1605
8382 5880
8383 1030
8384 8255
8385 3648
8386 5154
8387 2
8388 7225
8389 2
8390 5316
8391 2799
8392 7345
8393 2169
8394 5598
8395 2512
8396 6299
8397 4045
8398 5066
8399 1233
8400 8108
8401 1272
8402 4203
8403 2803
8404 6742
8405 2494
8406 6073
8407 1923
8408 7359
8409 2805
8410 5465
8411 1615
8412 7012
8413 1139
8414 5170
8415 4030
8416 8155
8417 1440
8418 5839
8419 2
8420 6878
8421 3451
8422 4213
8423 2
8424 7893
8425 2698
8426 5090
8427 3205
8428 6873
8429 2
8430 5997
8431 2
8432 8002
8433 3750
8434 4219
8435 2636
8436 7153
8437 1902
8438 4221
8439 3255
8440 7668
8441 1379
8442 6207
8443 2
8444 6335
8445 3568
8446 4826
8447 2
8448 8428
8449 2149
8450 5613
8451 4071
8452 6341
8453 1043
8454 5638
8455 2543
8456 7642
8457 2821
8458 4231
8459 1760
8460 7350
8461 2
8462 4233
8463 3546
8464 8028
8465 2259
8466 5898
8467 2
8468 6682
8469 3766
8470 5585
8471 1176
8472 7768
8473 1244
8474 4962
8475 3731
8476 6766
8477 2216
8478 6282
8479 1089
8480 8288
8481 3415
8482 4243
8483 1535
8484 7234
8485 2265
8486 4245
8487 3928
8488 7429
8489 1631
8490 6039
8491 1943
8492 6812
8493 3314
8494 4890
8495 2267
8496 8203
8497 1334
8498 5223
8499 2835
8500 7080
8501 2
8502 5940
8503 1769
8504 7443
8505 4246
8506 4255
8507 1150
8508 7092
8509 1077
8510 5531
8511 2839
8512 8411
8513 2
8514 6249
8515 2600
8516 6389
8517 3353
8518 4261
8519 1949
8520 7907
8521 2
8522 4263
8523 3790
8524 6395
8525 2800
8526 6057
8527 2
8528 8099
8529 2845
8530 5404
8531 1460
8532 7428
8533 2149
8534 5040
8535 3606
8536 7693
8537 2
8538 5694
8539 2
8540 7073
8541 3979
8542 4273
8543 2
8544 8368
8545 2281
8546 4275
8547 3587
8548 6413
8549 1047
8550 6329
8551 1547
8552 7485
8553 2853
8554 5373
8555 2551
8556 7251
8557 1187
8558 5171
8559 4123
8560 8170
8561 1958
8562 5710
8563 2
8564 6425
8565 3618
8566 4285
8567 1646
8568 8002
8569 1916
8570 5430
8571 2859
8572 6431
8573 2
8574 5718
8575 2836
8576 8511
8577 3814
8578 4291
8579 1401
8580 7373
8581 2
8582 5274
8583 2863
8584 7685
8585 2600
8586 6415
8587 1299
8588 6807
8589 3519
8590 5442
8591 1949
8592 8236
8593 1650
8594 4299
8595 4077
8596 6941
8597 2
8598 5734
8599 2
8600 7871
8601 3272
8602 5268
8603 1969
8604 7411
8605 2297
8606 5130
8607 3359
8608 8341
8609 2
8610 6191
8611 1059
8612 6461
8613 4216
8614 4885
8615 2299
8616 7900
8617 1971
8618 4961
8619 3469
8620 7042
8621 1263
8622 6229
8623 2
8624 8228
8625 3828
8626 5051
8627 2
8628 7192
8629 2
8630 5468
8631 4057
8632 7761
8633 1054
8634 5758
8635 2665
8636 6868
8637 2881
8638 5308
8639 1146
8640 8572
8641 2
8642 4998
8643 3292
8644 6485
8645 2751
8646 6066
8647 2
8648 7745
8649 3998
8650 5711
8651 1235
8652 7377
8653 1566
8654 4329
8655 3656
8656 8117
8657 1802
8658 6347
8659 1982
8660 7074
8661 2889
8662 4907
8663 2
8664 8009
8665 2313
8666 5325
8667 4282
8668 6953
8669 2
8670 6222
8671 1779
8672 8403
8673 3648
8674 4339
8675 2778
8676 7473
8677 2
8678 4341
8679 3495
8680 7935
8681 2
8682 5790
8683 1487
8684 6931
8685 4119
8686 4950
8687 2210
8688 8328
8689 2
8690 5686
8691 2899
8692 6837
8693 2
8694 6478
8695 2581
8696 7611
8697 3457
8698 4351
8699 2
8700 7484
8701 2249
8702 5096
8703 3870
8704 8689
8705 2323
8706 5806
8707 2
8708 7031
8709 2905
8710 5684
8711 1320
8712 8135
8713 2
8714 4359
8715 3814
8716 6539
8717 1426
8718 5814
8719 2
8720 8322
8721 4261
8722 5502
8723 1966
8724 7272
8725 2794
8726 4365
8727 2911
8728 7639
8729 2193
8730 6436
8731 2
8732 6873
8733 3333
8734 5276
8735 2331
8736 8577
8737 2
8738 5160
8739 3886
8740 7217
8741 2
8742 6052
8743 2000
8744 7653
8745 3814
8746 4375
8747 2
8748 7655
8749 1681
8750 5833
8751 2919
8752 8207
8753 2
8754 5838
8755 2652
8756 7023
8757 4116
8758 5065
8759 1500
8760 8129
8761 2
8762 5224
8763 3396
8764 7076
8765 2339
8766 6333
8767 1824
8768 8633
8769 3355
8770 5556
8771 2293
8772 7443
8773 1328
8774 5012
8775 4331
8776 7681
8777 1113
8778 6232
8779 2
8780 7172
8781 2929
8782 4393
8783 2
8784 8481
8785 2747
8786 5109
8787 3389
8788 7046
8789 1970
8790 6253
8791 1148
8792 7947
8793 3910
8794 4399
8795 2347
8796 7332
8797 1506
8798 4993
8799 3606
8800 8615
8801 1690
8802 6522
8803 2
8804 6934
8805 3720
8806 5525
8807 2
8808 8076
8809 1440
8810 5582
8811 4121
8812 6611
8813 2017
8814 6158
8815 2615
8816 8362
8817 2941
8818 4411
8819 2
8820 7674
8821 2
8822 5330
8823 3474
8824 7723
8825 2826
8826 5886
8827 2260
8828 6623
8829 4362
8830 5594
8831 2
8832 8788
8833 2003
8834 5428
8835 3833
8836 6944
8837 2
8838 6385
8839 2
8840 8074
8841 3622
8842 4423
8843 1298
8844 7525
8845 2638
8846 4425
8847 3934
8848 8423
8849 2
8850 6374
8851 1176
8852 6641
8853 3519
8854 5184
8855 2821
8856 8284
8857 1603
8858 5046
8859 2955
8860 7238
8861 2
8862 6247
8863 2
8864 8589
8865 4205
8866 5434
8867 2
8868 7392
8869 2319
8870 5620
8871 2959
8872 7765
8873 1520
8874 6501
8875 2937
8876 7166
8877 3576
8878 5161
8879 1706
8880 8561
8881 1088
8882 4443
8883 4354
8884 6665
8885 2371
8886 5926
8887 2
8888 8011
8889 2965
8890 5836
8891 1609
8892 7707
8893 2
8894 4449
8895 3758
8896 8759
8897 2231
8898 5934
8899 1852
8900 7389
8901 4119
8902 4453
8903 1400
8904 8248
8905 2719
8906 5043
8907 2971
8908 7082
8909 1162
8910 6672
8911 2253
8912 8357
8913 2973
8914 4459
8915 2379
8916 7432
8917 1307
8918 5647
8919 3966
8920 8104
8921 1855
8922 5950
8923 2
8924 7053
8925 3956
8926 4465
8927 1098
8928 8775
8929 2
8930 5810
8931 3550
8932 7278
8933 2
8934 5958
8935 2385
8936 7821
8937 4305
8938 5107
8939 2045
8940 7651
8941 2
8942 5282
8943 3602
8944 8493
8945 2387
8946 6577
8947 1462
8948 6713
8949 3491
8950 5909
8951 2
8952 8208
8953 2048
8954 5494
8955 4247
8956 6719
8957 1851
8958 5974
8959 1715
8960 8936
8961 3453
8962 4483
8963 2
8964 7804
8965 2767
8966 4485
8967 3772
8968 8040
8969 2
8970 6439
8971 2
8972 6731
8973 3990
8974 5515
8975 2874
8976 8643
8977 1217
8978 5082
8979 3423
8980 7336
8981 2054
8982 6489
8983 1725
8984 7863
8985 3796
8986 4495
8987 2006
8988 7663
8989 1095
8990 5841
8991 4479
8992 8713
8993 1716
8994 5998
8995 2812
8996 7179
8997 3001
8998 5435
8999 2
9000 8417
9001 2
9002 5532
9003 3003
9004 6755
9005 2403
9006 6260
9007 2
9008 8447
9009 4264
9010 5870
9011 2
9012 7512
9013 2
9014 4509
9015 3808
9016 8185
9017 1132
9018 6682
9019 1419
9020 7462
9021 3461
9022 5378
9023 2065
9024 8932
9025 2955
9026 4515
9027 4193
9028 7104
9029 2
9030 6492
9031 1879
9032 7905
9033 3013
9034 4519
9035 2757
9036 7783
9037 2067
9038 4521
9039 3503
9040 8628
9041 2
9042 6344
9043 2
9044 7361
9045 4446
9046 4525
9047 1107
9048 8368
9049 2
9050 5975
9051 3709
9052 7130
9053 1883
9054 6541
9055 2417
9056 8775
9057 3021
9058 5566
9059 2
9060 7753
9061 1865
9062 5269
9063 4200
9064 8169
9065 2893
9066 6046
9067 2
9068 6803
9069 3025
9070 5746
9071 1231
9072 8787
9073 1262
9074 5409
9075 4021
9076 6809
9077 1428
9078 6325
9079 2078
9080 8250
9081 4038
9082 5317
9083 1376
9084 7572
9085 2718
9086 5718
9087 3612
9088 9019
9089 1167
9090 6702
9091 2
9092 6821
9093 3726
9094 4549
9095 2753
9096 8340
9097 1892
9098 4551
9099 4383
9100 7576
9101 1558
9102 6299
9103 2
9104 8537
9105 3846
9106 5265
9107 2084
9108 7898
9109 2
9110 5772
9111 3039
9112 8179
9113 1750
9114 6475
9115 2433
9116 7165
9117 4054
9118 5182
9119 1896
9120 8957
9121 2087
9122 4563
9123 3043
9124 6845
9125 3019
9126 6796
9127 2
9128 8250
9129 3593
9130 5974
9131 1491
9132 7612
9133 2
9134 4569
9135 4380
9136 8567
9137 2
9138 6094
9139 1875
9140 7466
9141 3682
9142 5617
9143 1304
9144 8511
9145 2718
9146 5401
9147 3051
9148 6863
9149 2093
9150 6590
9151 2
9152 9041
9153 4522
9154 5321
9155 2443
9156 7806
9157 2
9158 5362
9159 3484
9160 8322
9161 2
9162 6619
9163 2435
9164 7232
9165 3988
9166 4585
9167 1115
9168 8788
9169 1217
9170 6020
9171 4078
9172 6881
9173 2
9174 6436
9175 2938
9176 8210
9177 3837
9178 5472
9179 1163
9180 8015
9181 2
9182 4593
9183 3063
9184 8965
9185 2833
9186 6126
9187 2
9188 6893
9189 4086
9190 5822
9191 2354
9192 8428
9193 1446
9194 4599
9195 3884
9196 7421
9197 1663
9198 6762
9199 2
9200 8811
9201 3069
9202 5241
9203 2
9204 7818
9205 2877
9206 4605
9207 4505
9208 8059
9209 2
9210 6551
9211 1184
9212 7513
9213 3522
9214 5442
9215 2770
9216 9212
9217 1770
9218 5570
9219 3777
9220 7532
9221 2
9222 6390
9223 1509
9224 8073
9225 4430
9226 5670
9227 2
9228 7692
9229 1921
9230 6024
9231 3632
9232 8657
9233 2113
9234 6918
9235 2465
9236 6929
9237 3081
9238 5314
9239 2
9240 8593
9241 2
9242 4623
9243 4306
9244 6935
9245 2737
9246 6414
9247 2115
9248 9016
9249 3085
9250 6156
9251 2060
9252 7969
9253 1584
9254 5686
9255 3910
9256 8322
9257 2
9258 6174
9259 1256
9260 7564
9261 4551
9262 5594
9263 1209
9264 8880
9265 2805
9266 5291
9267 3091
9268 7482
9269 1898
9270 6834
9271 1149
9272 8311
9273 3735
9274 4639
9275 3054
9276 7732
9277 2
9278 4641
9279 4126
9280 9176
9281 2
9282 6586
9283 2
9284 7446
9285 3922
9286 4645
9287 1365
9288 8688
9289 2126
9290 5886
9291 3624
9292 7346
9293 2
9294 6198
9295 2901
9296 8849
9297 4134
9298 4651
9299 1682
9300 8000
9301 1165
9302 4653
9303 3811
9304 8143
9305 2483
9306 6829
9307 1330
9308 7428
9309 3586
9310 6141
9311 2
9312 9120
9313 1180
9314 4659
9315 4633
9316 7407
9317 2435
9318 6214
9319 2
9320 8468
9321 3704
9322 5282
9323 2
9324 8091
9325 2986
9326 4665
9327 3111
9328 8867
9329 1599
9330 6637
9331 2342
9332 7001
9333 4336
9334 5566
9335 2491
9336 8560
9337 2
9338 5852
9339 3761
9340 7630
9341 2
9342 6922
9343 2
9344 9273
9345 4091
9346 4675
9347 1796
9348 7925
9349 2
9350 6212
9351 4158
9352 8452
9353 1271
9354 6238
9355 2497
9356 7019
9357 3121
9358 4681
9359 2447
9360 9054
9361 2087
9362 5388
9363 3123
9364 7025
9365 2499
9366 6603
9367 1789
9368 8199
9369 4513
9370 5936
9371 2
9372 7974
9373 2400
9374 5339
9375 4167
9376 9085
9377 2
9378 6775
9379 1144
9380 7770
9381 3559
9382 4693
9383 1952
9384 8676
9385 2505
9386 5662
9387 4413
9388 7043
9389 1342
9390 6679
9391 2
9392 8807
9393 3602
9394 5912
9395 2507
9396 8209
9397 2
9398 5388
9399 3735
9400 8603
9401 2390
9402 6270
9403 2
9404 7055
9405 4504
9406 4705
9407 1539
9408 9324
9409 1141
9410 5962
9411 3139
9412 7512
9413 2
9414 6801
9415 2944
9416 8485
9417 3580
9418 5562
9419 2
9420 8061
9421 2
9422 5790
9423 4539
9424 8938
9425 3090
9426 6286
9427 1961
9428 7073
9429 3864
9430 6128
9431 2
9432 8779
9433 2
9434 5350
9435 4099
9436 7619
9437 2
9438 6651
9439 2
9440 9226
9441 4198
9442 4723
9443 2388
9444 7872
9445 2521
9446 4725
9447 3585
9448 8269
9449 1965
9450 7058
9451 1815
9452 7515
9453 3662
9454 5468
9455 2810
9456 9064
9457 2472
9458 4731
9459 4206
9460 7826
9461 2
9462 6576
9463 2
9464 8587
9465 3998
9466 4735
9467 2
9468 8155
9469 1713
9470 6000
9471 3974
9472 9437
9473 2
9474 6318
9475 3034
9476 7490
9477 4734
9478 5824
9479 2
9480 8797
9481 1625
9482 5729
9483 3652
9484 7115
9485 2964
9486 6948
9487 1264
9488 8897
9489 3165
9490 6193
9491 2
9492 8092
9493 1975
9494 5394
9495 4503
9496 8311
9497 2
9498 6334
9499 2392
9500 7912
9501 3169
9502 4753
9503 1956
9504 9352
9505 2537
9506 5997
9507 3171
9508 7133
9509 1400
9510 6765
9511 2
9512 8513
9513 4471
9514 5381
9515 2934
9516 8082
9517 1446
9518 4761
9519 3714
9520 9113
9521 2
9522 6970
9523 1159
9524 7145
9525 4193
9526 5755
9527 2180
9528 8736
9529 1830
9530 6038
9531 4591
9532 7151
9533 2
9534 6721
9535 2545
9536 9389
9537 3896
9538 5585
9539 2
9540 8288
9541 2396
9542 5689
9543 3183
9544 8353
9545 2855
9546 6605
9547 2
9548 7779
9549 4246
9550 6305
9551 2
9552 9156
9553 1368
9554 5641
9555 4202
9556 7169
9557 1638
9558 7141
9559 2169
9560 8686
9561 3189
9562 5875
9563 1188
9564 7972
9565 2553
9566 4785
9567 4254
9568 9329
9569 2189
9570 6874
9571 1731
9572 7181
9573 3193
9574 4789
9575 3066
9576 8943
9577 1232
9578 4791
9579 3673
9580 7826
9581 2158
9582 6390
9583 2400
9584 8987
9585 4712
9586 4795
9587 2
9588 8134
9589 1336
9590 6295
9591 3716
9592 8643
9593 1276
9594 7033
9595 2886
9596 7199
9597 3933
9598 4801
9599 1512
9600 9559
9601 2
9602 4803
9603 4492
9604 7844
9605 2908
9606 6406
9607 1844
9608 8409
9609 3205
9610 6240
9611 2198
9612 8368
9613 2
9614 5885
9615 4062
9616 9017
9617 1256
9618 6780
9619 2
9620 7950
9621 4278
9622 5681
9623 2
9624 8824
9625 3203
9626 4815
9627 3211
9628 7597
9629 2
9630 7100
9631 2
9632 9402
9633 3877
9634 4819
9635 2853
9636 8198
9637 1578
9638 5455
9639 4789
9640 8758
9641 1465
9642 6430
9643 2
9644 7235
9645 4074
9646 6059
9647 2007
9648 9315
9649 2
9650 6371
9651 3219
9652 7651
9653 2524
9654 6438
9655 2577
9656 8666
9657 4466
9658 5834
9659 1854
9660 8303
9661 2
9662 4833
9663 3223
9664 9515
9665 2579
9666 7162
9667 2211
9668 7253
9669 3895
9670 6126
9671 1656
9672 8946
9673 1749
9674 5944
9675 4646
9676 7610
9677 2
9678 6454
9679 2
9680 9264
9681 3967
9682 5501
9683 1584
9684 8341
9685 2958
9686 5601
9687 3231
9688 8755
9689 2
9690 6953
9691 2016
9692 7271
9693 4669
9694 5557
9695 3031
9696 9496
9697 2
9698 5782
9699 3677
9700 8053
9701 1177
9702 7150
9703 1473
9704 8493
9705 4100
9706 5643
9707 1756
9708 8092
9709 2456
9710 6152
9711 4524
9712 9107
9713 2020
9714 6478
9715 2895
9716 7844
9717 3702
9718 5533
9719 2
9720 9112
9721 2
9722 4863
9723 3984
9724 7843
9725 3114
9726 6486
9727 1218
9728 9711
9729 4502
9730 6386
9731 1431
9732 8112
9733 2
9734 5601
9735 4247
9736 8521
9737 2494
9738 7035
9739 2
9740 7956
9741 3833
9742 4873
9743 2
9744 9387
9745 2601
9746 5888
9747 4760
9748 7313
9749 2
9750 7039
9751 2549
9752 8732
9753 3253
9754 4879
9755 2603
9756 8403
9757 2028
9758 6122
9759 3255
9760 9538
9761 1359
9762 6510
9763 1874
9764 7325
9765 4680
9766 5718
9767 2
9768 9041
9769 2
9770 6190
9771 3259
9772 7889
9773 1540
9774 7242
9775 3202
9776 9283
9777 3261
9778 4891
9779 2527
9780 8369
9781 2
9782 5529
9783 4350
9784 8563
9785 2942
9786 6898
9787 2
9788 7343
9789 3891
9790 6405
9791 2
9792 9709
9793 2240
9794 5545
9795 4138
9796 7718
9797 1186
9798 6799
9799 1402
9800 8981
9801 4868
9802 5916
9803 2
9804 8309
9805 2907
9806 4905
9807 4018
9808 9197
9809 1774
9810 7232
9811 2
9812 7871
9813 3273
9814 6031
9815 2997
9816 9000
9817 2
9818 4911
9819 4366
9820 8022
9821 2471
9822 6550
9823 2194
9824 9519
9825 4325
9826 5857
9827 1492
9828 8577
9829 2
9830 6228
9831 3787
9832 8605
9833 2
9834 6899
9835 3075
9836 7379
9837 4374
9838 4921
9839 2
9840 9487
9841 1890
9842 6169
9843 3873
9844 7783
9845 3037
9846 7113
9847 1371
9848 8619
9849 4143
9850 6503
9851 2
9852 8212
9853 1288
9854 5874
9855 4844
9856 9799
9857 2
9858 6826
9859 2
9860 8144
9861 3846
9862 4933
9863 2257
9864 9181
9865 2633
9866 4935
9867 4032
9868 7403
9869 1237
9870 7096
9871 2
9872 9257
9873 4390
9874 4939
9875 3267
9876 8232
9877 2511
9878 5968
9879 3772
9880 9024
9881 1415
9882 7383
9883 2
9884 7979
9885 4176
9886 4945
9887 2
9888 9684
9889 2202
9890 6427
9891 4650
9892 7421
9893 1900
9894 6895
9895 2641
9896 8661
9897 3301
9898 6244
9899 1697
9900 8615
9901 2
9902 4953
9903 3303
9904 9287
9905 3096
9906 6923
9907 2
9908 7433
9909 4773
9910 6278
9911 2223
9912 9183
9913 1624
9914 4959
9915 4188
9916 7804
9917 1348
9918 7260
9919 2540
9920 9808
9921 3309
9922 6087
9923 2
9924 8272
9925 3178
9926 6099
9927 4414
9928 8911
9929 2
9930 7063
9931 2
9932 7928
9933 4167
9934 4969
9935 2651
9936 9616
9937 1704
9938 4971
9939 3315
9940 8234
9941 2
9942 6630
9943 1279
9944 8961
9945 4759
9946 4975
9947 2647
9948 8292
9949 2
9950 6569
9951 3814
9952 9643
9953 1468
9954 7317
9955 3070
9956 7892
9957 3321
9958 5935
9959 1632
9960 9243
9961 2279
9962 5880
9963 4963
9964 7828
9965 2659
9966 6991
9967 2
9968 9490
9969 3325
9970 6316
9971 2061
9972 8589
9973 2
9974 4989
9975 4421
9976 8927
9977 2075
9978 6654
9979 1806
9980 8152
9981 4438
9982 6252
9983 1265
9984 9960
9985 2665
9986 4995
9987 3331
9988 8012
9989 2285
9990 7451
9991 1207
9992 8745
9993 3333
9994 5849
9995 2667
9996 8550
9997 1919
9998 5001
9999 4678
10000 9584
